iteration,step,target,skill_id,eval_type,group,metric,wandb_key,value
0,0,test-skill-017,0,kick_survival,kick,fall_rate,test-skill-017/0/kick/fall_rate,0.0
0,0,test-skill-017,0,kick_survival,kick,hit_rate,test-skill-017/0/kick/hit_rate,1.0
0,0,test-skill-017,0,kick_survival,kick,direction_success_rate,test-skill-017/0/kick/direction_success_rate,0.5
0,0,test-skill-017,0,kick_survival,kick,ball_speed_mean,test-skill-017/0/kick/ball_speed_mean,2.6184
0,0,test-skill-017,0,kick_survival,kick,ball_speed_std,test-skill-017/0/kick/ball_speed_std,0.5464
0,0,test-skill-017,0,kick_survival,kick,ball_speed_n,test-skill-017/0/kick/ball_speed_n,10
0,0,test-skill-017,0,kick_survival,kick,ball_speed_max,test-skill-017/0/kick/ball_speed_max,3.2076
0,0,test-skill-017,0,kick_survival,kick,shot_error_mean,test-skill-017/0/kick/shot_error_mean,0.9851
0,0,test-skill-017,0,kick_survival,kick,shot_error_std,test-skill-017/0/kick/shot_error_std,0.7124
0,0,test-skill-017,0,kick_survival,kick,shot_error_n,test-skill-017/0/kick/shot_error_n,10
0,0,test-skill-017,0,kick_survival,kick,success_rate_0.5,test-skill-017/0/kick/success_rate_0.5,0.4
0,0,test-skill-017,0,kick_survival,kick,success_rate_1,test-skill-017/0/kick/success_rate_1,0.5
1,1,test-skill-017,0,kick_survival,kick,fall_rate,test-skill-017/0/kick/fall_rate,0.0
1,1,test-skill-017,0,kick_survival,kick,hit_rate,test-skill-017/0/kick/hit_rate,1.0
1,1,test-skill-017,0,kick_survival,kick,direction_success_rate,test-skill-017/0/kick/direction_success_rate,0.5
1,1,test-skill-017,0,kick_survival,kick,ball_speed_mean,test-skill-017/0/kick/ball_speed_mean,2.4405
1,1,test-skill-017,0,kick_survival,kick,ball_speed_std,test-skill-017/0/kick/ball_speed_std,0.638
1,1,test-skill-017,0,kick_survival,kick,ball_speed_n,test-skill-017/0/kick/ball_speed_n,10
1,1,test-skill-017,0,kick_survival,kick,ball_speed_max,test-skill-017/0/kick/ball_speed_max,3.2285
1,1,test-skill-017,0,kick_survival,kick,shot_error_mean,test-skill-017/0/kick/shot_error_mean,1.0389
1,1,test-skill-017,0,kick_survival,kick,shot_error_std,test-skill-017/0/kick/shot_error_std,0.5089
1,1,test-skill-017,0,kick_survival,kick,shot_error_n,test-skill-017/0/kick/shot_error_n,10
1,1,test-skill-017,0,kick_survival,kick,success_rate_0.5,test-skill-017/0/kick/success_rate_0.5,0.1
1,1,test-skill-017,0,kick_survival,kick,success_rate_1,test-skill-017/0/kick/success_rate_1,0.5
2,2,test-skill-017,0,kick_survival,kick,fall_rate,test-skill-017/0/kick/fall_rate,0.0
2,2,test-skill-017,0,kick_survival,kick,hit_rate,test-skill-017/0/kick/hit_rate,1.0
2,2,test-skill-017,0,kick_survival,kick,direction_success_rate,test-skill-017/0/kick/direction_success_rate,0.8
2,2,test-skill-017,0,kick_survival,kick,ball_speed_mean,test-skill-017/0/kick/ball_speed_mean,2.5507
2,2,test-skill-017,0,kick_survival,kick,ball_speed_std,test-skill-017/0/kick/ball_speed_std,0.5693
2,2,test-skill-017,0,kick_survival,kick,ball_speed_n,test-skill-017/0/kick/ball_speed_n,10
2,2,test-skill-017,0,kick_survival,kick,ball_speed_max,test-skill-017/0/kick/ball_speed_max,3.2053
2,2,test-skill-017,0,kick_survival,kick,shot_error_mean,test-skill-017/0/kick/shot_error_mean,0.73
2,2,test-skill-017,0,kick_survival,kick,shot_error_std,test-skill-017/0/kick/shot_error_std,0.4599
2,2,test-skill-017,0,kick_survival,kick,shot_error_n,test-skill-017/0/kick/shot_error_n,10
2,2,test-skill-017,0,kick_survival,kick,success_rate_0.5,test-skill-017/0/kick/success_rate_0.5,0.3
2,2,test-skill-017,0,kick_survival,kick,success_rate_1,test-skill-017/0/kick/success_rate_1,0.8
3,3,test-skill-017,0,kick_survival,kick,fall_rate,test-skill-017/0/kick/fall_rate,0.0
3,3,test-skill-017,0,kick_survival,kick,hit_rate,test-skill-017/0/kick/hit_rate,1.0
3,3,test-skill-017,0,kick_survival,kick,direction_success_rate,test-skill-017/0/kick/direction_success_rate,0.6
3,3,test-skill-017,0,kick_survival,kick,ball_speed_mean,test-skill-017/0/kick/ball_speed_mean,2.1466
3,3,test-skill-017,0,kick_survival,kick,ball_speed_std,test-skill-017/0/kick/ball_speed_std,0.6003
3,3,test-skill-017,0,kick_survival,kick,ball_speed_n,test-skill-017/0/kick/ball_speed_n,10
3,3,test-skill-017,0,kick_survival,kick,ball_speed_max,test-skill-017/0/kick/ball_speed_max,2.9091
3,3,test-skill-017,0,kick_survival,kick,shot_error_mean,test-skill-017/0/kick/shot_error_mean,0.8495
3,3,test-skill-017,0,kick_survival,kick,shot_error_std,test-skill-017/0/kick/shot_error_std,0.6587
3,3,test-skill-017,0,kick_survival,kick,shot_error_n,test-skill-017/0/kick/shot_error_n,10
3,3,test-skill-017,0,kick_survival,kick,success_rate_0.5,test-skill-017/0/kick/success_rate_0.5,0.4
3,3,test-skill-017,0,kick_survival,kick,success_rate_1,test-skill-017/0/kick/success_rate_1,0.6
4,4,test-skill-017,0,kick_survival,kick,fall_rate,test-skill-017/0/kick/fall_rate,0.2
4,4,test-skill-017,0,kick_survival,kick,hit_rate,test-skill-017/0/kick/hit_rate,1.0
4,4,test-skill-017,0,kick_survival,kick,direction_success_rate,test-skill-017/0/kick/direction_success_rate,0.7
4,4,test-skill-017,0,kick_survival,kick,ball_speed_mean,test-skill-017/0/kick/ball_speed_mean,2.7979
4,4,test-skill-017,0,kick_survival,kick,ball_speed_std,test-skill-017/0/kick/ball_speed_std,0.4228
4,4,test-skill-017,0,kick_survival,kick,ball_speed_n,test-skill-017/0/kick/ball_speed_n,10
4,4,test-skill-017,0,kick_survival,kick,ball_speed_max,test-skill-017/0/kick/ball_speed_max,3.211
4,4,test-skill-017,0,kick_survival,kick,shot_error_mean,test-skill-017/0/kick/shot_error_mean,0.8512
4,4,test-skill-017,0,kick_survival,kick,shot_error_std,test-skill-017/0/kick/shot_error_std,0.7157
4,4,test-skill-017,0,kick_survival,kick,shot_error_n,test-skill-017/0/kick/shot_error_n,10
4,4,test-skill-017,0,kick_survival,kick,success_rate_0.5,test-skill-017/0/kick/success_rate_0.5,0.4
4,4,test-skill-017,0,kick_survival,kick,success_rate_1,test-skill-017/0/kick/success_rate_1,0.7
5,5,test-skill-017,0,kick_survival,kick,fall_rate,test-skill-017/0/kick/fall_rate,0.1
5,5,test-skill-017,0,kick_survival,kick,hit_rate,test-skill-017/0/kick/hit_rate,1.0
5,5,test-skill-017,0,kick_survival,kick,direction_success_rate,test-skill-017/0/kick/direction_success_rate,0.4
5,5,test-skill-017,0,kick_survival,kick,ball_speed_mean,test-skill-017/0/kick/ball_speed_mean,2.6723
5,5,test-skill-017,0,kick_survival,kick,ball_speed_std,test-skill-017/0/kick/ball_speed_std,0.6588
5,5,test-skill-017,0,kick_survival,kick,ball_speed_n,test-skill-017/0/kick/ball_speed_n,10
5,5,test-skill-017,0,kick_survival,kick,ball_speed_max,test-skill-017/0/kick/ball_speed_max,3.2352
5,5,test-skill-017,0,kick_survival,kick,shot_error_mean,test-skill-017/0/kick/shot_error_mean,1.3743
5,5,test-skill-017,0,kick_survival,kick,shot_error_std,test-skill-017/0/kick/shot_error_std,0.9232
5,5,test-skill-017,0,kick_survival,kick,shot_error_n,test-skill-017/0/kick/shot_error_n,10
5,5,test-skill-017,0,kick_survival,kick,success_rate_0.5,test-skill-017/0/kick/success_rate_0.5,0.2
5,5,test-skill-017,0,kick_survival,kick,success_rate_1,test-skill-017/0/kick/success_rate_1,0.4
6,6,test-skill-017,0,kick_survival,kick,fall_rate,test-skill-017/0/kick/fall_rate,0.0
6,6,test-skill-017,0,kick_survival,kick,hit_rate,test-skill-017/0/kick/hit_rate,0.9
6,6,test-skill-017,0,kick_survival,kick,direction_success_rate,test-skill-017/0/kick/direction_success_rate,0.5556
6,6,test-skill-017,0,kick_survival,kick,ball_speed_mean,test-skill-017/0/kick/ball_speed_mean,2.4221
6,6,test-skill-017,0,kick_survival,kick,ball_speed_std,test-skill-017/0/kick/ball_speed_std,0.4896
6,6,test-skill-017,0,kick_survival,kick,ball_speed_n,test-skill-017/0/kick/ball_speed_n,9
6,6,test-skill-017,0,kick_survival,kick,ball_speed_max,test-skill-017/0/kick/ball_speed_max,3.2274
6,6,test-skill-017,0,kick_survival,kick,shot_error_mean,test-skill-017/0/kick/shot_error_mean,0.9356
6,6,test-skill-017,0,kick_survival,kick,shot_error_std,test-skill-017/0/kick/shot_error_std,0.519
6,6,test-skill-017,0,kick_survival,kick,shot_error_n,test-skill-017/0/kick/shot_error_n,9
6,6,test-skill-017,0,kick_survival,kick,success_rate_0.5,test-skill-017/0/kick/success_rate_0.5,0.2
6,6,test-skill-017,0,kick_survival,kick,success_rate_1,test-skill-017/0/kick/success_rate_1,0.5
7,7,test-skill-017,0,kick_survival,kick,fall_rate,test-skill-017/0/kick/fall_rate,0.0
7,7,test-skill-017,0,kick_survival,kick,hit_rate,test-skill-017/0/kick/hit_rate,1.0
7,7,test-skill-017,0,kick_survival,kick,direction_success_rate,test-skill-017/0/kick/direction_success_rate,0.7
7,7,test-skill-017,0,kick_survival,kick,ball_speed_mean,test-skill-017/0/kick/ball_speed_mean,2.7541
7,7,test-skill-017,0,kick_survival,kick,ball_speed_std,test-skill-017/0/kick/ball_speed_std,0.5102
7,7,test-skill-017,0,kick_survival,kick,ball_speed_n,test-skill-017/0/kick/ball_speed_n,10
7,7,test-skill-017,0,kick_survival,kick,ball_speed_max,test-skill-017/0/kick/ball_speed_max,3.3194
7,7,test-skill-017,0,kick_survival,kick,shot_error_mean,test-skill-017/0/kick/shot_error_mean,0.8809
7,7,test-skill-017,0,kick_survival,kick,shot_error_std,test-skill-017/0/kick/shot_error_std,0.6229
7,7,test-skill-017,0,kick_survival,kick,shot_error_n,test-skill-017/0/kick/shot_error_n,10
7,7,test-skill-017,0,kick_survival,kick,success_rate_0.5,test-skill-017/0/kick/success_rate_0.5,0.3
7,7,test-skill-017,0,kick_survival,kick,success_rate_1,test-skill-017/0/kick/success_rate_1,0.7
8,8,test-skill-017,0,kick_survival,kick,fall_rate,test-skill-017/0/kick/fall_rate,0.0
8,8,test-skill-017,0,kick_survival,kick,hit_rate,test-skill-017/0/kick/hit_rate,1.0
8,8,test-skill-017,0,kick_survival,kick,direction_success_rate,test-skill-017/0/kick/direction_success_rate,0.7
8,8,test-skill-017,0,kick_survival,kick,ball_speed_mean,test-skill-017/0/kick/ball_speed_mean,2.4561
8,8,test-skill-017,0,kick_survival,kick,ball_speed_std,test-skill-017/0/kick/ball_speed_std,0.6007
8,8,test-skill-017,0,kick_survival,kick,ball_speed_n,test-skill-017/0/kick/ball_speed_n,10
8,8,test-skill-017,0,kick_survival,kick,ball_speed_max,test-skill-017/0/kick/ball_speed_max,3.267
8,8,test-skill-017,0,kick_survival,kick,shot_error_mean,test-skill-017/0/kick/shot_error_mean,0.7325
8,8,test-skill-017,0,kick_survival,kick,shot_error_std,test-skill-017/0/kick/shot_error_std,0.5221
8,8,test-skill-017,0,kick_survival,kick,shot_error_n,test-skill-017/0/kick/shot_error_n,10
8,8,test-skill-017,0,kick_survival,kick,success_rate_0.5,test-skill-017/0/kick/success_rate_0.5,0.4
8,8,test-skill-017,0,kick_survival,kick,success_rate_1,test-skill-017/0/kick/success_rate_1,0.7
9,9,test-skill-017,0,kick_survival,kick,fall_rate,test-skill-017/0/kick/fall_rate,0.0
9,9,test-skill-017,0,kick_survival,kick,hit_rate,test-skill-017/0/kick/hit_rate,1.0
9,9,test-skill-017,0,kick_survival,kick,direction_success_rate,test-skill-017/0/kick/direction_success_rate,0.3
9,9,test-skill-017,0,kick_survival,kick,ball_speed_mean,test-skill-017/0/kick/ball_speed_mean,2.8573
9,9,test-skill-017,0,kick_survival,kick,ball_speed_std,test-skill-017/0/kick/ball_speed_std,0.4161
9,9,test-skill-017,0,kick_survival,kick,ball_speed_n,test-skill-017/0/kick/ball_speed_n,10
9,9,test-skill-017,0,kick_survival,kick,ball_speed_max,test-skill-017/0/kick/ball_speed_max,3.2927
9,9,test-skill-017,0,kick_survival,kick,shot_error_mean,test-skill-017/0/kick/shot_error_mean,1.1724
9,9,test-skill-017,0,kick_survival,kick,shot_error_std,test-skill-017/0/kick/shot_error_std,0.5852
9,9,test-skill-017,0,kick_survival,kick,shot_error_n,test-skill-017/0/kick/shot_error_n,10
9,9,test-skill-017,0,kick_survival,kick,success_rate_0.5,test-skill-017/0/kick/success_rate_0.5,0.1
9,9,test-skill-017,0,kick_survival,kick,success_rate_1,test-skill-017/0/kick/success_rate_1,0.3
10,10,test-skill-017,0,kick_survival,kick,fall_rate,test-skill-017/0/kick/fall_rate,0.1
10,10,test-skill-017,0,kick_survival,kick,hit_rate,test-skill-017/0/kick/hit_rate,1.0
10,10,test-skill-017,0,kick_survival,kick,direction_success_rate,test-skill-017/0/kick/direction_success_rate,0.6
10,10,test-skill-017,0,kick_survival,kick,ball_speed_mean,test-skill-017/0/kick/ball_speed_mean,2.6117
10,10,test-skill-017,0,kick_survival,kick,ball_speed_std,test-skill-017/0/kick/ball_speed_std,0.5892
10,10,test-skill-017,0,kick_survival,kick,ball_speed_n,test-skill-017/0/kick/ball_speed_n,10
10,10,test-skill-017,0,kick_survival,kick,ball_speed_max,test-skill-017/0/kick/ball_speed_max,3.3444
10,10,test-skill-017,0,kick_survival,kick,shot_error_mean,test-skill-017/0/kick/shot_error_mean,0.9947
10,10,test-skill-017,0,kick_survival,kick,shot_error_std,test-skill-017/0/kick/shot_error_std,0.7385
10,10,test-skill-017,0,kick_survival,kick,shot_error_n,test-skill-017/0/kick/shot_error_n,10
10,10,test-skill-017,0,kick_survival,kick,success_rate_0.5,test-skill-017/0/kick/success_rate_0.5,0.3
10,10,test-skill-017,0,kick_survival,kick,success_rate_1,test-skill-017/0/kick/success_rate_1,0.6
11,11,test-skill-017,0,kick_survival,kick,fall_rate,test-skill-017/0/kick/fall_rate,0.0
11,11,test-skill-017,0,kick_survival,kick,hit_rate,test-skill-017/0/kick/hit_rate,1.0
11,11,test-skill-017,0,kick_survival,kick,direction_success_rate,test-skill-017/0/kick/direction_success_rate,0.5
11,11,test-skill-017,0,kick_survival,kick,ball_speed_mean,test-skill-017/0/kick/ball_speed_mean,2.3371
11,11,test-skill-017,0,kick_survival,kick,ball_speed_std,test-skill-017/0/kick/ball_speed_std,0.8261
11,11,test-skill-017,0,kick_survival,kick,ball_speed_n,test-skill-017/0/kick/ball_speed_n,10
11,11,test-skill-017,0,kick_survival,kick,ball_speed_max,test-skill-017/0/kick/ball_speed_max,3.2009
11,11,test-skill-017,0,kick_survival,kick,shot_error_mean,test-skill-017/0/kick/shot_error_mean,1.0661
11,11,test-skill-017,0,kick_survival,kick,shot_error_std,test-skill-017/0/kick/shot_error_std,0.6808
11,11,test-skill-017,0,kick_survival,kick,shot_error_n,test-skill-017/0/kick/shot_error_n,10
11,11,test-skill-017,0,kick_survival,kick,success_rate_0.5,test-skill-017/0/kick/success_rate_0.5,0.3
11,11,test-skill-017,0,kick_survival,kick,success_rate_1,test-skill-017/0/kick/success_rate_1,0.5
12,12,test-skill-017,0,kick_survival,kick,fall_rate,test-skill-017/0/kick/fall_rate,0.2
12,12,test-skill-017,0,kick_survival,kick,hit_rate,test-skill-017/0/kick/hit_rate,1.0
12,12,test-skill-017,0,kick_survival,kick,direction_success_rate,test-skill-017/0/kick/direction_success_rate,0.7
12,12,test-skill-017,0,kick_survival,kick,ball_speed_mean,test-skill-017/0/kick/ball_speed_mean,2.3544
12,12,test-skill-017,0,kick_survival,kick,ball_speed_std,test-skill-017/0/kick/ball_speed_std,0.7046
12,12,test-skill-017,0,kick_survival,kick,ball_speed_n,test-skill-017/0/kick/ball_speed_n,10
12,12,test-skill-017,0,kick_survival,kick,ball_speed_max,test-skill-017/0/kick/ball_speed_max,3.3014
12,12,test-skill-017,0,kick_survival,kick,shot_error_mean,test-skill-017/0/kick/shot_error_mean,0.8161
12,12,test-skill-017,0,kick_survival,kick,shot_error_std,test-skill-017/0/kick/shot_error_std,0.7391
12,12,test-skill-017,0,kick_survival,kick,shot_error_n,test-skill-017/0/kick/shot_error_n,10
12,12,test-skill-017,0,kick_survival,kick,success_rate_0.5,test-skill-017/0/kick/success_rate_0.5,0.4
12,12,test-skill-017,0,kick_survival,kick,success_rate_1,test-skill-017/0/kick/success_rate_1,0.7
13,13,test-skill-017,0,kick_survival,kick,fall_rate,test-skill-017/0/kick/fall_rate,0.0
13,13,test-skill-017,0,kick_survival,kick,hit_rate,test-skill-017/0/kick/hit_rate,1.0
13,13,test-skill-017,0,kick_survival,kick,direction_success_rate,test-skill-017/0/kick/direction_success_rate,0.3
13,13,test-skill-017,0,kick_survival,kick,ball_speed_mean,test-skill-017/0/kick/ball_speed_mean,2.4339
13,13,test-skill-017,0,kick_survival,kick,ball_speed_std,test-skill-017/0/kick/ball_speed_std,0.8443
13,13,test-skill-017,0,kick_survival,kick,ball_speed_n,test-skill-017/0/kick/ball_speed_n,10
13,13,test-skill-017,0,kick_survival,kick,ball_speed_max,test-skill-017/0/kick/ball_speed_max,3.1945
13,13,test-skill-017,0,kick_survival,kick,shot_error_mean,test-skill-017/0/kick/shot_error_mean,1.2813
13,13,test-skill-017,0,kick_survival,kick,shot_error_std,test-skill-017/0/kick/shot_error_std,0.5087
13,13,test-skill-017,0,kick_survival,kick,shot_error_n,test-skill-017/0/kick/shot_error_n,10
13,13,test-skill-017,0,kick_survival,kick,success_rate_0.5,test-skill-017/0/kick/success_rate_0.5,0.0
13,13,test-skill-017,0,kick_survival,kick,success_rate_1,test-skill-017/0/kick/success_rate_1,0.3
14,14,test-skill-017,0,kick_survival,kick,fall_rate,test-skill-017/0/kick/fall_rate,0.0
14,14,test-skill-017,0,kick_survival,kick,hit_rate,test-skill-017/0/kick/hit_rate,1.0
14,14,test-skill-017,0,kick_survival,kick,direction_success_rate,test-skill-017/0/kick/direction_success_rate,0.2
14,14,test-skill-017,0,kick_survival,kick,ball_speed_mean,test-skill-017/0/kick/ball_speed_mean,2.6516
14,14,test-skill-017,0,kick_survival,kick,ball_speed_std,test-skill-017/0/kick/ball_speed_std,0.4427
14,14,test-skill-017,0,kick_survival,kick,ball_speed_n,test-skill-017/0/kick/ball_speed_n,10
14,14,test-skill-017,0,kick_survival,kick,ball_speed_max,test-skill-017/0/kick/ball_speed_max,3.1397
14,14,test-skill-017,0,kick_survival,kick,shot_error_mean,test-skill-017/0/kick/shot_error_mean,1.3144
14,14,test-skill-017,0,kick_survival,kick,shot_error_std,test-skill-017/0/kick/shot_error_std,0.5076
14,14,test-skill-017,0,kick_survival,kick,shot_error_n,test-skill-017/0/kick/shot_error_n,10
14,14,test-skill-017,0,kick_survival,kick,success_rate_0.5,test-skill-017/0/kick/success_rate_0.5,0.1
14,14,test-skill-017,0,kick_survival,kick,success_rate_1,test-skill-017/0/kick/success_rate_1,0.2
15,15,test-skill-017,0,kick_survival,kick,fall_rate,test-skill-017/0/kick/fall_rate,0.2
15,15,test-skill-017,0,kick_survival,kick,hit_rate,test-skill-017/0/kick/hit_rate,1.0
15,15,test-skill-017,0,kick_survival,kick,direction_success_rate,test-skill-017/0/kick/direction_success_rate,0.2
15,15,test-skill-017,0,kick_survival,kick,ball_speed_mean,test-skill-017/0/kick/ball_speed_mean,2.8993
15,15,test-skill-017,0,kick_survival,kick,ball_speed_std,test-skill-017/0/kick/ball_speed_std,0.4311
15,15,test-skill-017,0,kick_survival,kick,ball_speed_n,test-skill-017/0/kick/ball_speed_n,10
15,15,test-skill-017,0,kick_survival,kick,ball_speed_max,test-skill-017/0/kick/ball_speed_max,3.424
15,15,test-skill-017,0,kick_survival,kick,shot_error_mean,test-skill-017/0/kick/shot_error_mean,1.276
15,15,test-skill-017,0,kick_survival,kick,shot_error_std,test-skill-017/0/kick/shot_error_std,0.6349
15,15,test-skill-017,0,kick_survival,kick,shot_error_n,test-skill-017/0/kick/shot_error_n,10
15,15,test-skill-017,0,kick_survival,kick,success_rate_0.5,test-skill-017/0/kick/success_rate_0.5,0.2
15,15,test-skill-017,0,kick_survival,kick,success_rate_1,test-skill-017/0/kick/success_rate_1,0.2
16,16,test-skill-017,0,kick_survival,kick,fall_rate,test-skill-017/0/kick/fall_rate,0.1
16,16,test-skill-017,0,kick_survival,kick,hit_rate,test-skill-017/0/kick/hit_rate,1.0
16,16,test-skill-017,0,kick_survival,kick,direction_success_rate,test-skill-017/0/kick/direction_success_rate,0.5
16,16,test-skill-017,0,kick_survival,kick,ball_speed_mean,test-skill-017/0/kick/ball_speed_mean,2.5972
16,16,test-skill-017,0,kick_survival,kick,ball_speed_std,test-skill-017/0/kick/ball_speed_std,0.5569
16,16,test-skill-017,0,kick_survival,kick,ball_speed_n,test-skill-017/0/kick/ball_speed_n,10
16,16,test-skill-017,0,kick_survival,kick,ball_speed_max,test-skill-017/0/kick/ball_speed_max,3.2079
16,16,test-skill-017,0,kick_survival,kick,shot_error_mean,test-skill-017/0/kick/shot_error_mean,1.1753
16,16,test-skill-017,0,kick_survival,kick,shot_error_std,test-skill-017/0/kick/shot_error_std,0.7237
16,16,test-skill-017,0,kick_survival,kick,shot_error_n,test-skill-017/0/kick/shot_error_n,10
16,16,test-skill-017,0,kick_survival,kick,success_rate_0.5,test-skill-017/0/kick/success_rate_0.5,0.2
16,16,test-skill-017,0,kick_survival,kick,success_rate_1,test-skill-017/0/kick/success_rate_1,0.5
17,17,test-skill-017,0,kick_survival,kick,fall_rate,test-skill-017/0/kick/fall_rate,0.0
17,17,test-skill-017,0,kick_survival,kick,hit_rate,test-skill-017/0/kick/hit_rate,1.0
17,17,test-skill-017,0,kick_survival,kick,direction_success_rate,test-skill-017/0/kick/direction_success_rate,0.9
17,17,test-skill-017,0,kick_survival,kick,ball_speed_mean,test-skill-017/0/kick/ball_speed_mean,2.3405
17,17,test-skill-017,0,kick_survival,kick,ball_speed_std,test-skill-017/0/kick/ball_speed_std,0.5092
17,17,test-skill-017,0,kick_survival,kick,ball_speed_n,test-skill-017/0/kick/ball_speed_n,10
17,17,test-skill-017,0,kick_survival,kick,ball_speed_max,test-skill-017/0/kick/ball_speed_max,3.087
17,17,test-skill-017,0,kick_survival,kick,shot_error_mean,test-skill-017/0/kick/shot_error_mean,0.6493
17,17,test-skill-017,0,kick_survival,kick,shot_error_std,test-skill-017/0/kick/shot_error_std,0.4903
17,17,test-skill-017,0,kick_survival,kick,shot_error_n,test-skill-017/0/kick/shot_error_n,10
17,17,test-skill-017,0,kick_survival,kick,success_rate_0.5,test-skill-017/0/kick/success_rate_0.5,0.5
17,17,test-skill-017,0,kick_survival,kick,success_rate_1,test-skill-017/0/kick/success_rate_1,0.9
18,18,test-skill-017,0,kick_survival,kick,fall_rate,test-skill-017/0/kick/fall_rate,0.0
18,18,test-skill-017,0,kick_survival,kick,hit_rate,test-skill-017/0/kick/hit_rate,1.0
18,18,test-skill-017,0,kick_survival,kick,direction_success_rate,test-skill-017/0/kick/direction_success_rate,0.6
18,18,test-skill-017,0,kick_survival,kick,ball_speed_mean,test-skill-017/0/kick/ball_speed_mean,2.7688
18,18,test-skill-017,0,kick_survival,kick,ball_speed_std,test-skill-017/0/kick/ball_speed_std,0.5176
18,18,test-skill-017,0,kick_survival,kick,ball_speed_n,test-skill-017/0/kick/ball_speed_n,10
18,18,test-skill-017,0,kick_survival,kick,ball_speed_max,test-skill-017/0/kick/ball_speed_max,3.2784
18,18,test-skill-017,0,kick_survival,kick,shot_error_mean,test-skill-017/0/kick/shot_error_mean,1.0161
18,18,test-skill-017,0,kick_survival,kick,shot_error_std,test-skill-017/0/kick/shot_error_std,0.4923
18,18,test-skill-017,0,kick_survival,kick,shot_error_n,test-skill-017/0/kick/shot_error_n,10
18,18,test-skill-017,0,kick_survival,kick,success_rate_0.5,test-skill-017/0/kick/success_rate_0.5,0.2
18,18,test-skill-017,0,kick_survival,kick,success_rate_1,test-skill-017/0/kick/success_rate_1,0.6
19,19,test-skill-017,0,kick_survival,kick,fall_rate,test-skill-017/0/kick/fall_rate,0.1
19,19,test-skill-017,0,kick_survival,kick,hit_rate,test-skill-017/0/kick/hit_rate,1.0
19,19,test-skill-017,0,kick_survival,kick,direction_success_rate,test-skill-017/0/kick/direction_success_rate,0.4
19,19,test-skill-017,0,kick_survival,kick,ball_speed_mean,test-skill-017/0/kick/ball_speed_mean,2.7977
19,19,test-skill-017,0,kick_survival,kick,ball_speed_std,test-skill-017/0/kick/ball_speed_std,0.4457
19,19,test-skill-017,0,kick_survival,kick,ball_speed_n,test-skill-017/0/kick/ball_speed_n,10
19,19,test-skill-017,0,kick_survival,kick,ball_speed_max,test-skill-017/0/kick/ball_speed_max,3.2231
19,19,test-skill-017,0,kick_survival,kick,shot_error_mean,test-skill-017/0/kick/shot_error_mean,1.1478
19,19,test-skill-017,0,kick_survival,kick,shot_error_std,test-skill-017/0/kick/shot_error_std,0.5829
19,19,test-skill-017,0,kick_survival,kick,shot_error_n,test-skill-017/0/kick/shot_error_n,10
19,19,test-skill-017,0,kick_survival,kick,success_rate_0.5,test-skill-017/0/kick/success_rate_0.5,0.1
19,19,test-skill-017,0,kick_survival,kick,success_rate_1,test-skill-017/0/kick/success_rate_1,0.4
20,20,test-skill-017,0,kick_survival,kick,fall_rate,test-skill-017/0/kick/fall_rate,0.0
20,20,test-skill-017,0,kick_survival,kick,hit_rate,test-skill-017/0/kick/hit_rate,1.0
20,20,test-skill-017,0,kick_survival,kick,direction_success_rate,test-skill-017/0/kick/direction_success_rate,0.5
20,20,test-skill-017,0,kick_survival,kick,ball_speed_mean,test-skill-017/0/kick/ball_speed_mean,2.745
20,20,test-skill-017,0,kick_survival,kick,ball_speed_std,test-skill-017/0/kick/ball_speed_std,0.4883
20,20,test-skill-017,0,kick_survival,kick,ball_speed_n,test-skill-017/0/kick/ball_speed_n,10
20,20,test-skill-017,0,kick_survival,kick,ball_speed_max,test-skill-017/0/kick/ball_speed_max,3.292
20,20,test-skill-017,0,kick_survival,kick,shot_error_mean,test-skill-017/0/kick/shot_error_mean,1.2352
20,20,test-skill-017,0,kick_survival,kick,shot_error_std,test-skill-017/0/kick/shot_error_std,0.7841
20,20,test-skill-017,0,kick_survival,kick,shot_error_n,test-skill-017/0/kick/shot_error_n,10
20,20,test-skill-017,0,kick_survival,kick,success_rate_0.5,test-skill-017/0/kick/success_rate_0.5,0.2
20,20,test-skill-017,0,kick_survival,kick,success_rate_1,test-skill-017/0/kick/success_rate_1,0.5
21,21,test-skill-017,0,kick_survival,kick,fall_rate,test-skill-017/0/kick/fall_rate,0.1
21,21,test-skill-017,0,kick_survival,kick,hit_rate,test-skill-017/0/kick/hit_rate,1.0
21,21,test-skill-017,0,kick_survival,kick,direction_success_rate,test-skill-017/0/kick/direction_success_rate,0.5
21,21,test-skill-017,0,kick_survival,kick,ball_speed_mean,test-skill-017/0/kick/ball_speed_mean,2.298
21,21,test-skill-017,0,kick_survival,kick,ball_speed_std,test-skill-017/0/kick/ball_speed_std,0.5149
21,21,test-skill-017,0,kick_survival,kick,ball_speed_n,test-skill-017/0/kick/ball_speed_n,10
21,21,test-skill-017,0,kick_survival,kick,ball_speed_max,test-skill-017/0/kick/ball_speed_max,2.9693
21,21,test-skill-017,0,kick_survival,kick,shot_error_mean,test-skill-017/0/kick/shot_error_mean,1.0448
21,21,test-skill-017,0,kick_survival,kick,shot_error_std,test-skill-017/0/kick/shot_error_std,0.4498
21,21,test-skill-017,0,kick_survival,kick,shot_error_n,test-skill-017/0/kick/shot_error_n,10
21,21,test-skill-017,0,kick_survival,kick,success_rate_0.5,test-skill-017/0/kick/success_rate_0.5,0.1
21,21,test-skill-017,0,kick_survival,kick,success_rate_1,test-skill-017/0/kick/success_rate_1,0.5
22,22,test-skill-017,0,kick_survival,kick,fall_rate,test-skill-017/0/kick/fall_rate,0.0
22,22,test-skill-017,0,kick_survival,kick,hit_rate,test-skill-017/0/kick/hit_rate,1.0
22,22,test-skill-017,0,kick_survival,kick,direction_success_rate,test-skill-017/0/kick/direction_success_rate,0.7
22,22,test-skill-017,0,kick_survival,kick,ball_speed_mean,test-skill-017/0/kick/ball_speed_mean,2.6559
22,22,test-skill-017,0,kick_survival,kick,ball_speed_std,test-skill-017/0/kick/ball_speed_std,0.5221
22,22,test-skill-017,0,kick_survival,kick,ball_speed_n,test-skill-017/0/kick/ball_speed_n,10
22,22,test-skill-017,0,kick_survival,kick,ball_speed_max,test-skill-017/0/kick/ball_speed_max,3.211
22,22,test-skill-017,0,kick_survival,kick,shot_error_mean,test-skill-017/0/kick/shot_error_mean,0.9818
22,22,test-skill-017,0,kick_survival,kick,shot_error_std,test-skill-017/0/kick/shot_error_std,0.7329
22,22,test-skill-017,0,kick_survival,kick,shot_error_n,test-skill-017/0/kick/shot_error_n,10
22,22,test-skill-017,0,kick_survival,kick,success_rate_0.5,test-skill-017/0/kick/success_rate_0.5,0.3
22,22,test-skill-017,0,kick_survival,kick,success_rate_1,test-skill-017/0/kick/success_rate_1,0.7
23,23,test-skill-017,0,kick_survival,kick,fall_rate,test-skill-017/0/kick/fall_rate,0.0
23,23,test-skill-017,0,kick_survival,kick,hit_rate,test-skill-017/0/kick/hit_rate,1.0
23,23,test-skill-017,0,kick_survival,kick,direction_success_rate,test-skill-017/0/kick/direction_success_rate,0.8
23,23,test-skill-017,0,kick_survival,kick,ball_speed_mean,test-skill-017/0/kick/ball_speed_mean,2.4477
23,23,test-skill-017,0,kick_survival,kick,ball_speed_std,test-skill-017/0/kick/ball_speed_std,0.621
23,23,test-skill-017,0,kick_survival,kick,ball_speed_n,test-skill-017/0/kick/ball_speed_n,10
23,23,test-skill-017,0,kick_survival,kick,ball_speed_max,test-skill-017/0/kick/ball_speed_max,3.1332
23,23,test-skill-017,0,kick_survival,kick,shot_error_mean,test-skill-017/0/kick/shot_error_mean,0.7404
23,23,test-skill-017,0,kick_survival,kick,shot_error_std,test-skill-017/0/kick/shot_error_std,0.6083
23,23,test-skill-017,0,kick_survival,kick,shot_error_n,test-skill-017/0/kick/shot_error_n,10
23,23,test-skill-017,0,kick_survival,kick,success_rate_0.5,test-skill-017/0/kick/success_rate_0.5,0.5
23,23,test-skill-017,0,kick_survival,kick,success_rate_1,test-skill-017/0/kick/success_rate_1,0.8
24,24,test-skill-017,0,kick_survival,kick,fall_rate,test-skill-017/0/kick/fall_rate,0.0
24,24,test-skill-017,0,kick_survival,kick,hit_rate,test-skill-017/0/kick/hit_rate,1.0
24,24,test-skill-017,0,kick_survival,kick,direction_success_rate,test-skill-017/0/kick/direction_success_rate,0.9
24,24,test-skill-017,0,kick_survival,kick,ball_speed_mean,test-skill-017/0/kick/ball_speed_mean,2.2434
24,24,test-skill-017,0,kick_survival,kick,ball_speed_std,test-skill-017/0/kick/ball_speed_std,0.6239
24,24,test-skill-017,0,kick_survival,kick,ball_speed_n,test-skill-017/0/kick/ball_speed_n,10
24,24,test-skill-017,0,kick_survival,kick,ball_speed_max,test-skill-017/0/kick/ball_speed_max,3.0869
24,24,test-skill-017,0,kick_survival,kick,shot_error_mean,test-skill-017/0/kick/shot_error_mean,0.569
24,24,test-skill-017,0,kick_survival,kick,shot_error_std,test-skill-017/0/kick/shot_error_std,0.4486
24,24,test-skill-017,0,kick_survival,kick,shot_error_n,test-skill-017/0/kick/shot_error_n,10
24,24,test-skill-017,0,kick_survival,kick,success_rate_0.5,test-skill-017/0/kick/success_rate_0.5,0.5
24,24,test-skill-017,0,kick_survival,kick,success_rate_1,test-skill-017/0/kick/success_rate_1,0.9
25,25,test-skill-017,0,kick_survival,kick,fall_rate,test-skill-017/0/kick/fall_rate,0.1
25,25,test-skill-017,0,kick_survival,kick,hit_rate,test-skill-017/0/kick/hit_rate,1.0
25,25,test-skill-017,0,kick_survival,kick,direction_success_rate,test-skill-017/0/kick/direction_success_rate,0.8
25,25,test-skill-017,0,kick_survival,kick,ball_speed_mean,test-skill-017/0/kick/ball_speed_mean,2.5488
25,25,test-skill-017,0,kick_survival,kick,ball_speed_std,test-skill-017/0/kick/ball_speed_std,0.5251
25,25,test-skill-017,0,kick_survival,kick,ball_speed_n,test-skill-017/0/kick/ball_speed_n,10
25,25,test-skill-017,0,kick_survival,kick,ball_speed_max,test-skill-017/0/kick/ball_speed_max,3.2792
25,25,test-skill-017,0,kick_survival,kick,shot_error_mean,test-skill-017/0/kick/shot_error_mean,0.7044
25,25,test-skill-017,0,kick_survival,kick,shot_error_std,test-skill-017/0/kick/shot_error_std,0.8244
25,25,test-skill-017,0,kick_survival,kick,shot_error_n,test-skill-017/0/kick/shot_error_n,10
25,25,test-skill-017,0,kick_survival,kick,success_rate_0.5,test-skill-017/0/kick/success_rate_0.5,0.6
25,25,test-skill-017,0,kick_survival,kick,success_rate_1,test-skill-017/0/kick/success_rate_1,0.8
26,26,test-skill-017,0,kick_survival,kick,fall_rate,test-skill-017/0/kick/fall_rate,0.2
26,26,test-skill-017,0,kick_survival,kick,hit_rate,test-skill-017/0/kick/hit_rate,1.0
26,26,test-skill-017,0,kick_survival,kick,direction_success_rate,test-skill-017/0/kick/direction_success_rate,0.6
26,26,test-skill-017,0,kick_survival,kick,ball_speed_mean,test-skill-017/0/kick/ball_speed_mean,2.6743
26,26,test-skill-017,0,kick_survival,kick,ball_speed_std,test-skill-017/0/kick/ball_speed_std,0.5089
26,26,test-skill-017,0,kick_survival,kick,ball_speed_n,test-skill-017/0/kick/ball_speed_n,10
26,26,test-skill-017,0,kick_survival,kick,ball_speed_max,test-skill-017/0/kick/ball_speed_max,3.2018
26,26,test-skill-017,0,kick_survival,kick,shot_error_mean,test-skill-017/0/kick/shot_error_mean,1.0519
26,26,test-skill-017,0,kick_survival,kick,shot_error_std,test-skill-017/0/kick/shot_error_std,0.5297
26,26,test-skill-017,0,kick_survival,kick,shot_error_n,test-skill-017/0/kick/shot_error_n,10
26,26,test-skill-017,0,kick_survival,kick,success_rate_0.5,test-skill-017/0/kick/success_rate_0.5,0.1
26,26,test-skill-017,0,kick_survival,kick,success_rate_1,test-skill-017/0/kick/success_rate_1,0.6
27,27,test-skill-017,0,kick_survival,kick,fall_rate,test-skill-017/0/kick/fall_rate,0.1
27,27,test-skill-017,0,kick_survival,kick,hit_rate,test-skill-017/0/kick/hit_rate,1.0
27,27,test-skill-017,0,kick_survival,kick,direction_success_rate,test-skill-017/0/kick/direction_success_rate,0.4
27,27,test-skill-017,0,kick_survival,kick,ball_speed_mean,test-skill-017/0/kick/ball_speed_mean,2.7207
27,27,test-skill-017,0,kick_survival,kick,ball_speed_std,test-skill-017/0/kick/ball_speed_std,0.5138
27,27,test-skill-017,0,kick_survival,kick,ball_speed_n,test-skill-017/0/kick/ball_speed_n,10
27,27,test-skill-017,0,kick_survival,kick,ball_speed_max,test-skill-017/0/kick/ball_speed_max,3.1371
27,27,test-skill-017,0,kick_survival,kick,shot_error_mean,test-skill-017/0/kick/shot_error_mean,1.3761
27,27,test-skill-017,0,kick_survival,kick,shot_error_std,test-skill-017/0/kick/shot_error_std,0.8098
27,27,test-skill-017,0,kick_survival,kick,shot_error_n,test-skill-017/0/kick/shot_error_n,10
27,27,test-skill-017,0,kick_survival,kick,success_rate_0.5,test-skill-017/0/kick/success_rate_0.5,0.2
27,27,test-skill-017,0,kick_survival,kick,success_rate_1,test-skill-017/0/kick/success_rate_1,0.4
28,28,test-skill-017,0,kick_survival,kick,fall_rate,test-skill-017/0/kick/fall_rate,0.0
28,28,test-skill-017,0,kick_survival,kick,hit_rate,test-skill-017/0/kick/hit_rate,1.0
28,28,test-skill-017,0,kick_survival,kick,direction_success_rate,test-skill-017/0/kick/direction_success_rate,0.7
28,28,test-skill-017,0,kick_survival,kick,ball_speed_mean,test-skill-017/0/kick/ball_speed_mean,2.3266
28,28,test-skill-017,0,kick_survival,kick,ball_speed_std,test-skill-017/0/kick/ball_speed_std,0.6852
28,28,test-skill-017,0,kick_survival,kick,ball_speed_n,test-skill-017/0/kick/ball_speed_n,10
28,28,test-skill-017,0,kick_survival,kick,ball_speed_max,test-skill-017/0/kick/ball_speed_max,3.1959
28,28,test-skill-017,0,kick_survival,kick,shot_error_mean,test-skill-017/0/kick/shot_error_mean,0.5784
28,28,test-skill-017,0,kick_survival,kick,shot_error_std,test-skill-017/0/kick/shot_error_std,0.5549
28,28,test-skill-017,0,kick_survival,kick,shot_error_n,test-skill-017/0/kick/shot_error_n,10
28,28,test-skill-017,0,kick_survival,kick,success_rate_0.5,test-skill-017/0/kick/success_rate_0.5,0.6
28,28,test-skill-017,0,kick_survival,kick,success_rate_1,test-skill-017/0/kick/success_rate_1,0.7
29,29,test-skill-017,0,kick_survival,kick,fall_rate,test-skill-017/0/kick/fall_rate,0.1
29,29,test-skill-017,0,kick_survival,kick,hit_rate,test-skill-017/0/kick/hit_rate,1.0
29,29,test-skill-017,0,kick_survival,kick,direction_success_rate,test-skill-017/0/kick/direction_success_rate,0.5
29,29,test-skill-017,0,kick_survival,kick,ball_speed_mean,test-skill-017/0/kick/ball_speed_mean,2.7309
29,29,test-skill-017,0,kick_survival,kick,ball_speed_std,test-skill-017/0/kick/ball_speed_std,0.3438
29,29,test-skill-017,0,kick_survival,kick,ball_speed_n,test-skill-017/0/kick/ball_speed_n,10
29,29,test-skill-017,0,kick_survival,kick,ball_speed_max,test-skill-017/0/kick/ball_speed_max,3.2725
29,29,test-skill-017,0,kick_survival,kick,shot_error_mean,test-skill-017/0/kick/shot_error_mean,0.8764
29,29,test-skill-017,0,kick_survival,kick,shot_error_std,test-skill-017/0/kick/shot_error_std,0.4659
29,29,test-skill-017,0,kick_survival,kick,shot_error_n,test-skill-017/0/kick/shot_error_n,10
29,29,test-skill-017,0,kick_survival,kick,success_rate_0.5,test-skill-017/0/kick/success_rate_0.5,0.2
29,29,test-skill-017,0,kick_survival,kick,success_rate_1,test-skill-017/0/kick/success_rate_1,0.5
30,30,test-skill-017,0,kick_survival,kick,fall_rate,test-skill-017/0/kick/fall_rate,0.0
30,30,test-skill-017,0,kick_survival,kick,hit_rate,test-skill-017/0/kick/hit_rate,1.0
30,30,test-skill-017,0,kick_survival,kick,direction_success_rate,test-skill-017/0/kick/direction_success_rate,0.7
30,30,test-skill-017,0,kick_survival,kick,ball_speed_mean,test-skill-017/0/kick/ball_speed_mean,2.3193
30,30,test-skill-017,0,kick_survival,kick,ball_speed_std,test-skill-017/0/kick/ball_speed_std,0.6589
30,30,test-skill-017,0,kick_survival,kick,ball_speed_n,test-skill-017/0/kick/ball_speed_n,10
30,30,test-skill-017,0,kick_survival,kick,ball_speed_max,test-skill-017/0/kick/ball_speed_max,3.2072
30,30,test-skill-017,0,kick_survival,kick,shot_error_mean,test-skill-017/0/kick/shot_error_mean,0.8065
30,30,test-skill-017,0,kick_survival,kick,shot_error_std,test-skill-017/0/kick/shot_error_std,0.5491
30,30,test-skill-017,0,kick_survival,kick,shot_error_n,test-skill-017/0/kick/shot_error_n,10
30,30,test-skill-017,0,kick_survival,kick,success_rate_0.5,test-skill-017/0/kick/success_rate_0.5,0.4
30,30,test-skill-017,0,kick_survival,kick,success_rate_1,test-skill-017/0/kick/success_rate_1,0.7
31,31,test-skill-017,0,kick_survival,kick,fall_rate,test-skill-017/0/kick/fall_rate,0.0
31,31,test-skill-017,0,kick_survival,kick,hit_rate,test-skill-017/0/kick/hit_rate,1.0
31,31,test-skill-017,0,kick_survival,kick,direction_success_rate,test-skill-017/0/kick/direction_success_rate,0.6
31,31,test-skill-017,0,kick_survival,kick,ball_speed_mean,test-skill-017/0/kick/ball_speed_mean,2.3148
31,31,test-skill-017,0,kick_survival,kick,ball_speed_std,test-skill-017/0/kick/ball_speed_std,0.6683
31,31,test-skill-017,0,kick_survival,kick,ball_speed_n,test-skill-017/0/kick/ball_speed_n,10
31,31,test-skill-017,0,kick_survival,kick,ball_speed_max,test-skill-017/0/kick/ball_speed_max,3.1462
31,31,test-skill-017,0,kick_survival,kick,shot_error_mean,test-skill-017/0/kick/shot_error_mean,0.8834
31,31,test-skill-017,0,kick_survival,kick,shot_error_std,test-skill-017/0/kick/shot_error_std,0.4625
31,31,test-skill-017,0,kick_survival,kick,shot_error_n,test-skill-017/0/kick/shot_error_n,10
31,31,test-skill-017,0,kick_survival,kick,success_rate_0.5,test-skill-017/0/kick/success_rate_0.5,0.3
31,31,test-skill-017,0,kick_survival,kick,success_rate_1,test-skill-017/0/kick/success_rate_1,0.6
32,32,test-skill-017,0,kick_survival,kick,fall_rate,test-skill-017/0/kick/fall_rate,0.0
32,32,test-skill-017,0,kick_survival,kick,hit_rate,test-skill-017/0/kick/hit_rate,1.0
32,32,test-skill-017,0,kick_survival,kick,direction_success_rate,test-skill-017/0/kick/direction_success_rate,0.6
32,32,test-skill-017,0,kick_survival,kick,ball_speed_mean,test-skill-017/0/kick/ball_speed_mean,2.4612
32,32,test-skill-017,0,kick_survival,kick,ball_speed_std,test-skill-017/0/kick/ball_speed_std,0.6347
32,32,test-skill-017,0,kick_survival,kick,ball_speed_n,test-skill-017/0/kick/ball_speed_n,10
32,32,test-skill-017,0,kick_survival,kick,ball_speed_max,test-skill-017/0/kick/ball_speed_max,3.1918
32,32,test-skill-017,0,kick_survival,kick,shot_error_mean,test-skill-017/0/kick/shot_error_mean,0.8908
32,32,test-skill-017,0,kick_survival,kick,shot_error_std,test-skill-017/0/kick/shot_error_std,0.576
32,32,test-skill-017,0,kick_survival,kick,shot_error_n,test-skill-017/0/kick/shot_error_n,10
32,32,test-skill-017,0,kick_survival,kick,success_rate_0.5,test-skill-017/0/kick/success_rate_0.5,0.4
32,32,test-skill-017,0,kick_survival,kick,success_rate_1,test-skill-017/0/kick/success_rate_1,0.6
33,33,test-skill-017,0,kick_survival,kick,fall_rate,test-skill-017/0/kick/fall_rate,0.2
33,33,test-skill-017,0,kick_survival,kick,hit_rate,test-skill-017/0/kick/hit_rate,1.0
33,33,test-skill-017,0,kick_survival,kick,direction_success_rate,test-skill-017/0/kick/direction_success_rate,0.5
33,33,test-skill-017,0,kick_survival,kick,ball_speed_mean,test-skill-017/0/kick/ball_speed_mean,2.7315
33,33,test-skill-017,0,kick_survival,kick,ball_speed_std,test-skill-017/0/kick/ball_speed_std,0.4804
33,33,test-skill-017,0,kick_survival,kick,ball_speed_n,test-skill-017/0/kick/ball_speed_n,10
33,33,test-skill-017,0,kick_survival,kick,ball_speed_max,test-skill-017/0/kick/ball_speed_max,3.4258
33,33,test-skill-017,0,kick_survival,kick,shot_error_mean,test-skill-017/0/kick/shot_error_mean,1.2474
33,33,test-skill-017,0,kick_survival,kick,shot_error_std,test-skill-017/0/kick/shot_error_std,0.6307
33,33,test-skill-017,0,kick_survival,kick,shot_error_n,test-skill-017/0/kick/shot_error_n,10
33,33,test-skill-017,0,kick_survival,kick,success_rate_0.5,test-skill-017/0/kick/success_rate_0.5,0.0
33,33,test-skill-017,0,kick_survival,kick,success_rate_1,test-skill-017/0/kick/success_rate_1,0.5
34,34,test-skill-017,0,kick_survival,kick,fall_rate,test-skill-017/0/kick/fall_rate,0.1
34,34,test-skill-017,0,kick_survival,kick,hit_rate,test-skill-017/0/kick/hit_rate,1.0
34,34,test-skill-017,0,kick_survival,kick,direction_success_rate,test-skill-017/0/kick/direction_success_rate,0.3
34,34,test-skill-017,0,kick_survival,kick,ball_speed_mean,test-skill-017/0/kick/ball_speed_mean,2.9552
34,34,test-skill-017,0,kick_survival,kick,ball_speed_std,test-skill-017/0/kick/ball_speed_std,0.4706
34,34,test-skill-017,0,kick_survival,kick,ball_speed_n,test-skill-017/0/kick/ball_speed_n,10
34,34,test-skill-017,0,kick_survival,kick,ball_speed_max,test-skill-017/0/kick/ball_speed_max,3.5228
34,34,test-skill-017,0,kick_survival,kick,shot_error_mean,test-skill-017/0/kick/shot_error_mean,1.5921
34,34,test-skill-017,0,kick_survival,kick,shot_error_std,test-skill-017/0/kick/shot_error_std,1.0166
34,34,test-skill-017,0,kick_survival,kick,shot_error_n,test-skill-017/0/kick/shot_error_n,10
34,34,test-skill-017,0,kick_survival,kick,success_rate_0.5,test-skill-017/0/kick/success_rate_0.5,0.3
34,34,test-skill-017,0,kick_survival,kick,success_rate_1,test-skill-017/0/kick/success_rate_1,0.3
35,35,test-skill-017,0,kick_survival,kick,fall_rate,test-skill-017/0/kick/fall_rate,0.0
35,35,test-skill-017,0,kick_survival,kick,hit_rate,test-skill-017/0/kick/hit_rate,1.0
35,35,test-skill-017,0,kick_survival,kick,direction_success_rate,test-skill-017/0/kick/direction_success_rate,0.6
35,35,test-skill-017,0,kick_survival,kick,ball_speed_mean,test-skill-017/0/kick/ball_speed_mean,2.3846
35,35,test-skill-017,0,kick_survival,kick,ball_speed_std,test-skill-017/0/kick/ball_speed_std,0.6852
35,35,test-skill-017,0,kick_survival,kick,ball_speed_n,test-skill-017/0/kick/ball_speed_n,10
35,35,test-skill-017,0,kick_survival,kick,ball_speed_max,test-skill-017/0/kick/ball_speed_max,3.1972
35,35,test-skill-017,0,kick_survival,kick,shot_error_mean,test-skill-017/0/kick/shot_error_mean,1.1258
35,35,test-skill-017,0,kick_survival,kick,shot_error_std,test-skill-017/0/kick/shot_error_std,0.9586
35,35,test-skill-017,0,kick_survival,kick,shot_error_n,test-skill-017/0/kick/shot_error_n,10
35,35,test-skill-017,0,kick_survival,kick,success_rate_0.5,test-skill-017/0/kick/success_rate_0.5,0.4
35,35,test-skill-017,0,kick_survival,kick,success_rate_1,test-skill-017/0/kick/success_rate_1,0.6
36,36,test-skill-017,0,kick_survival,kick,fall_rate,test-skill-017/0/kick/fall_rate,0.0
36,36,test-skill-017,0,kick_survival,kick,hit_rate,test-skill-017/0/kick/hit_rate,1.0
36,36,test-skill-017,0,kick_survival,kick,direction_success_rate,test-skill-017/0/kick/direction_success_rate,0.8
36,36,test-skill-017,0,kick_survival,kick,ball_speed_mean,test-skill-017/0/kick/ball_speed_mean,2.4113
36,36,test-skill-017,0,kick_survival,kick,ball_speed_std,test-skill-017/0/kick/ball_speed_std,0.5366
36,36,test-skill-017,0,kick_survival,kick,ball_speed_n,test-skill-017/0/kick/ball_speed_n,10
36,36,test-skill-017,0,kick_survival,kick,ball_speed_max,test-skill-017/0/kick/ball_speed_max,3.1737
36,36,test-skill-017,0,kick_survival,kick,shot_error_mean,test-skill-017/0/kick/shot_error_mean,0.8073
36,36,test-skill-017,0,kick_survival,kick,shot_error_std,test-skill-017/0/kick/shot_error_std,0.4908
36,36,test-skill-017,0,kick_survival,kick,shot_error_n,test-skill-017/0/kick/shot_error_n,10
36,36,test-skill-017,0,kick_survival,kick,success_rate_0.5,test-skill-017/0/kick/success_rate_0.5,0.3
36,36,test-skill-017,0,kick_survival,kick,success_rate_1,test-skill-017/0/kick/success_rate_1,0.8
37,37,test-skill-017,0,kick_survival,kick,fall_rate,test-skill-017/0/kick/fall_rate,0.2
37,37,test-skill-017,0,kick_survival,kick,hit_rate,test-skill-017/0/kick/hit_rate,1.0
37,37,test-skill-017,0,kick_survival,kick,direction_success_rate,test-skill-017/0/kick/direction_success_rate,0.5
37,37,test-skill-017,0,kick_survival,kick,ball_speed_mean,test-skill-017/0/kick/ball_speed_mean,2.2587
37,37,test-skill-017,0,kick_survival,kick,ball_speed_std,test-skill-017/0/kick/ball_speed_std,0.6908
37,37,test-skill-017,0,kick_survival,kick,ball_speed_n,test-skill-017/0/kick/ball_speed_n,10
37,37,test-skill-017,0,kick_survival,kick,ball_speed_max,test-skill-017/0/kick/ball_speed_max,3.5308
37,37,test-skill-017,0,kick_survival,kick,shot_error_mean,test-skill-017/0/kick/shot_error_mean,1.0412
37,37,test-skill-017,0,kick_survival,kick,shot_error_std,test-skill-017/0/kick/shot_error_std,0.7226
37,37,test-skill-017,0,kick_survival,kick,shot_error_n,test-skill-017/0/kick/shot_error_n,10
37,37,test-skill-017,0,kick_survival,kick,success_rate_0.5,test-skill-017/0/kick/success_rate_0.5,0.3
37,37,test-skill-017,0,kick_survival,kick,success_rate_1,test-skill-017/0/kick/success_rate_1,0.5
38,38,test-skill-017,0,kick_survival,kick,fall_rate,test-skill-017/0/kick/fall_rate,0.0
38,38,test-skill-017,0,kick_survival,kick,hit_rate,test-skill-017/0/kick/hit_rate,1.0
38,38,test-skill-017,0,kick_survival,kick,direction_success_rate,test-skill-017/0/kick/direction_success_rate,0.4
38,38,test-skill-017,0,kick_survival,kick,ball_speed_mean,test-skill-017/0/kick/ball_speed_mean,2.7135
38,38,test-skill-017,0,kick_survival,kick,ball_speed_std,test-skill-017/0/kick/ball_speed_std,0.3734
38,38,test-skill-017,0,kick_survival,kick,ball_speed_n,test-skill-017/0/kick/ball_speed_n,10
38,38,test-skill-017,0,kick_survival,kick,ball_speed_max,test-skill-017/0/kick/ball_speed_max,3.1755
38,38,test-skill-017,0,kick_survival,kick,shot_error_mean,test-skill-017/0/kick/shot_error_mean,1.0029
38,38,test-skill-017,0,kick_survival,kick,shot_error_std,test-skill-017/0/kick/shot_error_std,0.6559
38,38,test-skill-017,0,kick_survival,kick,shot_error_n,test-skill-017/0/kick/shot_error_n,10
38,38,test-skill-017,0,kick_survival,kick,success_rate_0.5,test-skill-017/0/kick/success_rate_0.5,0.3
38,38,test-skill-017,0,kick_survival,kick,success_rate_1,test-skill-017/0/kick/success_rate_1,0.4
39,39,test-skill-017,0,kick_survival,kick,fall_rate,test-skill-017/0/kick/fall_rate,0.0
39,39,test-skill-017,0,kick_survival,kick,hit_rate,test-skill-017/0/kick/hit_rate,1.0
39,39,test-skill-017,0,kick_survival,kick,direction_success_rate,test-skill-017/0/kick/direction_success_rate,0.8
39,39,test-skill-017,0,kick_survival,kick,ball_speed_mean,test-skill-017/0/kick/ball_speed_mean,2.3303
39,39,test-skill-017,0,kick_survival,kick,ball_speed_std,test-skill-017/0/kick/ball_speed_std,0.6191
39,39,test-skill-017,0,kick_survival,kick,ball_speed_n,test-skill-017/0/kick/ball_speed_n,10
39,39,test-skill-017,0,kick_survival,kick,ball_speed_max,test-skill-017/0/kick/ball_speed_max,3.1611
39,39,test-skill-017,0,kick_survival,kick,shot_error_mean,test-skill-017/0/kick/shot_error_mean,0.6834
39,39,test-skill-017,0,kick_survival,kick,shot_error_std,test-skill-017/0/kick/shot_error_std,0.3677
39,39,test-skill-017,0,kick_survival,kick,shot_error_n,test-skill-017/0/kick/shot_error_n,10
39,39,test-skill-017,0,kick_survival,kick,success_rate_0.5,test-skill-017/0/kick/success_rate_0.5,0.4
39,39,test-skill-017,0,kick_survival,kick,success_rate_1,test-skill-017/0/kick/success_rate_1,0.8
40,40,test-skill-017,0,kick_survival,kick,fall_rate,test-skill-017/0/kick/fall_rate,0.0
40,40,test-skill-017,0,kick_survival,kick,hit_rate,test-skill-017/0/kick/hit_rate,1.0
40,40,test-skill-017,0,kick_survival,kick,direction_success_rate,test-skill-017/0/kick/direction_success_rate,0.6
40,40,test-skill-017,0,kick_survival,kick,ball_speed_mean,test-skill-017/0/kick/ball_speed_mean,2.4062
40,40,test-skill-017,0,kick_survival,kick,ball_speed_std,test-skill-017/0/kick/ball_speed_std,0.4001
40,40,test-skill-017,0,kick_survival,kick,ball_speed_n,test-skill-017/0/kick/ball_speed_n,10
40,40,test-skill-017,0,kick_survival,kick,ball_speed_max,test-skill-017/0/kick/ball_speed_max,2.965
40,40,test-skill-017,0,kick_survival,kick,shot_error_mean,test-skill-017/0/kick/shot_error_mean,0.8539
40,40,test-skill-017,0,kick_survival,kick,shot_error_std,test-skill-017/0/kick/shot_error_std,0.544
40,40,test-skill-017,0,kick_survival,kick,shot_error_n,test-skill-017/0/kick/shot_error_n,10
40,40,test-skill-017,0,kick_survival,kick,success_rate_0.5,test-skill-017/0/kick/success_rate_0.5,0.3
40,40,test-skill-017,0,kick_survival,kick,success_rate_1,test-skill-017/0/kick/success_rate_1,0.6
41,41,test-skill-017,0,kick_survival,kick,fall_rate,test-skill-017/0/kick/fall_rate,0.1
41,41,test-skill-017,0,kick_survival,kick,hit_rate,test-skill-017/0/kick/hit_rate,1.0
41,41,test-skill-017,0,kick_survival,kick,direction_success_rate,test-skill-017/0/kick/direction_success_rate,0.4
41,41,test-skill-017,0,kick_survival,kick,ball_speed_mean,test-skill-017/0/kick/ball_speed_mean,2.8065
41,41,test-skill-017,0,kick_survival,kick,ball_speed_std,test-skill-017/0/kick/ball_speed_std,0.3743
41,41,test-skill-017,0,kick_survival,kick,ball_speed_n,test-skill-017/0/kick/ball_speed_n,10
41,41,test-skill-017,0,kick_survival,kick,ball_speed_max,test-skill-017/0/kick/ball_speed_max,3.2087
41,41,test-skill-017,0,kick_survival,kick,shot_error_mean,test-skill-017/0/kick/shot_error_mean,1.3581
41,41,test-skill-017,0,kick_survival,kick,shot_error_std,test-skill-017/0/kick/shot_error_std,0.8757
41,41,test-skill-017,0,kick_survival,kick,shot_error_n,test-skill-017/0/kick/shot_error_n,10
41,41,test-skill-017,0,kick_survival,kick,success_rate_0.5,test-skill-017/0/kick/success_rate_0.5,0.2
41,41,test-skill-017,0,kick_survival,kick,success_rate_1,test-skill-017/0/kick/success_rate_1,0.4
42,42,test-skill-017,0,kick_survival,kick,fall_rate,test-skill-017/0/kick/fall_rate,0.1
42,42,test-skill-017,0,kick_survival,kick,hit_rate,test-skill-017/0/kick/hit_rate,1.0
42,42,test-skill-017,0,kick_survival,kick,direction_success_rate,test-skill-017/0/kick/direction_success_rate,0.6
42,42,test-skill-017,0,kick_survival,kick,ball_speed_mean,test-skill-017/0/kick/ball_speed_mean,2.4979
42,42,test-skill-017,0,kick_survival,kick,ball_speed_std,test-skill-017/0/kick/ball_speed_std,0.7264
42,42,test-skill-017,0,kick_survival,kick,ball_speed_n,test-skill-017/0/kick/ball_speed_n,10
42,42,test-skill-017,0,kick_survival,kick,ball_speed_max,test-skill-017/0/kick/ball_speed_max,3.1951
42,42,test-skill-017,0,kick_survival,kick,shot_error_mean,test-skill-017/0/kick/shot_error_mean,0.8437
42,42,test-skill-017,0,kick_survival,kick,shot_error_std,test-skill-017/0/kick/shot_error_std,0.52
42,42,test-skill-017,0,kick_survival,kick,shot_error_n,test-skill-017/0/kick/shot_error_n,10
42,42,test-skill-017,0,kick_survival,kick,success_rate_0.5,test-skill-017/0/kick/success_rate_0.5,0.3
42,42,test-skill-017,0,kick_survival,kick,success_rate_1,test-skill-017/0/kick/success_rate_1,0.6
43,43,test-skill-017,0,kick_survival,kick,fall_rate,test-skill-017/0/kick/fall_rate,0.1
43,43,test-skill-017,0,kick_survival,kick,hit_rate,test-skill-017/0/kick/hit_rate,1.0
43,43,test-skill-017,0,kick_survival,kick,direction_success_rate,test-skill-017/0/kick/direction_success_rate,0.3
43,43,test-skill-017,0,kick_survival,kick,ball_speed_mean,test-skill-017/0/kick/ball_speed_mean,2.4116
43,43,test-skill-017,0,kick_survival,kick,ball_speed_std,test-skill-017/0/kick/ball_speed_std,0.5838
43,43,test-skill-017,0,kick_survival,kick,ball_speed_n,test-skill-017/0/kick/ball_speed_n,10
43,43,test-skill-017,0,kick_survival,kick,ball_speed_max,test-skill-017/0/kick/ball_speed_max,3.2194
43,43,test-skill-017,0,kick_survival,kick,shot_error_mean,test-skill-017/0/kick/shot_error_mean,1.1483
43,43,test-skill-017,0,kick_survival,kick,shot_error_std,test-skill-017/0/kick/shot_error_std,0.648
43,43,test-skill-017,0,kick_survival,kick,shot_error_n,test-skill-017/0/kick/shot_error_n,10
43,43,test-skill-017,0,kick_survival,kick,success_rate_0.5,test-skill-017/0/kick/success_rate_0.5,0.2
43,43,test-skill-017,0,kick_survival,kick,success_rate_1,test-skill-017/0/kick/success_rate_1,0.3
44,44,test-skill-017,0,kick_survival,kick,fall_rate,test-skill-017/0/kick/fall_rate,0.1
44,44,test-skill-017,0,kick_survival,kick,hit_rate,test-skill-017/0/kick/hit_rate,1.0
44,44,test-skill-017,0,kick_survival,kick,direction_success_rate,test-skill-017/0/kick/direction_success_rate,0.6
44,44,test-skill-017,0,kick_survival,kick,ball_speed_mean,test-skill-017/0/kick/ball_speed_mean,2.2291
44,44,test-skill-017,0,kick_survival,kick,ball_speed_std,test-skill-017/0/kick/ball_speed_std,0.5543
44,44,test-skill-017,0,kick_survival,kick,ball_speed_n,test-skill-017/0/kick/ball_speed_n,10
44,44,test-skill-017,0,kick_survival,kick,ball_speed_max,test-skill-017/0/kick/ball_speed_max,3.1752
44,44,test-skill-017,0,kick_survival,kick,shot_error_mean,test-skill-017/0/kick/shot_error_mean,0.8218
44,44,test-skill-017,0,kick_survival,kick,shot_error_std,test-skill-017/0/kick/shot_error_std,0.4414
44,44,test-skill-017,0,kick_survival,kick,shot_error_n,test-skill-017/0/kick/shot_error_n,10
44,44,test-skill-017,0,kick_survival,kick,success_rate_0.5,test-skill-017/0/kick/success_rate_0.5,0.3
44,44,test-skill-017,0,kick_survival,kick,success_rate_1,test-skill-017/0/kick/success_rate_1,0.6
45,45,test-skill-017,0,kick_survival,kick,fall_rate,test-skill-017/0/kick/fall_rate,0.2
45,45,test-skill-017,0,kick_survival,kick,hit_rate,test-skill-017/0/kick/hit_rate,1.0
45,45,test-skill-017,0,kick_survival,kick,direction_success_rate,test-skill-017/0/kick/direction_success_rate,0.6
45,45,test-skill-017,0,kick_survival,kick,ball_speed_mean,test-skill-017/0/kick/ball_speed_mean,2.7329
45,45,test-skill-017,0,kick_survival,kick,ball_speed_std,test-skill-017/0/kick/ball_speed_std,0.376
45,45,test-skill-017,0,kick_survival,kick,ball_speed_n,test-skill-017/0/kick/ball_speed_n,10
45,45,test-skill-017,0,kick_survival,kick,ball_speed_max,test-skill-017/0/kick/ball_speed_max,3.4426
45,45,test-skill-017,0,kick_survival,kick,shot_error_mean,test-skill-017/0/kick/shot_error_mean,0.8041
45,45,test-skill-017,0,kick_survival,kick,shot_error_std,test-skill-017/0/kick/shot_error_std,0.6911
45,45,test-skill-017,0,kick_survival,kick,shot_error_n,test-skill-017/0/kick/shot_error_n,10
45,45,test-skill-017,0,kick_survival,kick,success_rate_0.5,test-skill-017/0/kick/success_rate_0.5,0.5
45,45,test-skill-017,0,kick_survival,kick,success_rate_1,test-skill-017/0/kick/success_rate_1,0.6
46,46,test-skill-017,0,kick_survival,kick,fall_rate,test-skill-017/0/kick/fall_rate,0.0
46,46,test-skill-017,0,kick_survival,kick,hit_rate,test-skill-017/0/kick/hit_rate,1.0
46,46,test-skill-017,0,kick_survival,kick,direction_success_rate,test-skill-017/0/kick/direction_success_rate,0.4
46,46,test-skill-017,0,kick_survival,kick,ball_speed_mean,test-skill-017/0/kick/ball_speed_mean,2.3351
46,46,test-skill-017,0,kick_survival,kick,ball_speed_std,test-skill-017/0/kick/ball_speed_std,0.6792
46,46,test-skill-017,0,kick_survival,kick,ball_speed_n,test-skill-017/0/kick/ball_speed_n,10
46,46,test-skill-017,0,kick_survival,kick,ball_speed_max,test-skill-017/0/kick/ball_speed_max,3.1748
46,46,test-skill-017,0,kick_survival,kick,shot_error_mean,test-skill-017/0/kick/shot_error_mean,1.1526
46,46,test-skill-017,0,kick_survival,kick,shot_error_std,test-skill-017/0/kick/shot_error_std,0.5685
46,46,test-skill-017,0,kick_survival,kick,shot_error_n,test-skill-017/0/kick/shot_error_n,10
46,46,test-skill-017,0,kick_survival,kick,success_rate_0.5,test-skill-017/0/kick/success_rate_0.5,0.2
46,46,test-skill-017,0,kick_survival,kick,success_rate_1,test-skill-017/0/kick/success_rate_1,0.4
47,47,test-skill-017,0,kick_survival,kick,fall_rate,test-skill-017/0/kick/fall_rate,0.2
47,47,test-skill-017,0,kick_survival,kick,hit_rate,test-skill-017/0/kick/hit_rate,1.0
47,47,test-skill-017,0,kick_survival,kick,direction_success_rate,test-skill-017/0/kick/direction_success_rate,0.7
47,47,test-skill-017,0,kick_survival,kick,ball_speed_mean,test-skill-017/0/kick/ball_speed_mean,2.9068
47,47,test-skill-017,0,kick_survival,kick,ball_speed_std,test-skill-017/0/kick/ball_speed_std,0.488
47,47,test-skill-017,0,kick_survival,kick,ball_speed_n,test-skill-017/0/kick/ball_speed_n,10
47,47,test-skill-017,0,kick_survival,kick,ball_speed_max,test-skill-017/0/kick/ball_speed_max,3.3477
47,47,test-skill-017,0,kick_survival,kick,shot_error_mean,test-skill-017/0/kick/shot_error_mean,0.8599
47,47,test-skill-017,0,kick_survival,kick,shot_error_std,test-skill-017/0/kick/shot_error_std,0.54
47,47,test-skill-017,0,kick_survival,kick,shot_error_n,test-skill-017/0/kick/shot_error_n,10
47,47,test-skill-017,0,kick_survival,kick,success_rate_0.5,test-skill-017/0/kick/success_rate_0.5,0.2
47,47,test-skill-017,0,kick_survival,kick,success_rate_1,test-skill-017/0/kick/success_rate_1,0.7
48,48,test-skill-017,0,kick_survival,kick,fall_rate,test-skill-017/0/kick/fall_rate,0.0
48,48,test-skill-017,0,kick_survival,kick,hit_rate,test-skill-017/0/kick/hit_rate,1.0
48,48,test-skill-017,0,kick_survival,kick,direction_success_rate,test-skill-017/0/kick/direction_success_rate,0.7
48,48,test-skill-017,0,kick_survival,kick,ball_speed_mean,test-skill-017/0/kick/ball_speed_mean,2.6605
48,48,test-skill-017,0,kick_survival,kick,ball_speed_std,test-skill-017/0/kick/ball_speed_std,0.3208
48,48,test-skill-017,0,kick_survival,kick,ball_speed_n,test-skill-017/0/kick/ball_speed_n,10
48,48,test-skill-017,0,kick_survival,kick,ball_speed_max,test-skill-017/0/kick/ball_speed_max,3.0352
48,48,test-skill-017,0,kick_survival,kick,shot_error_mean,test-skill-017/0/kick/shot_error_mean,0.647
48,48,test-skill-017,0,kick_survival,kick,shot_error_std,test-skill-017/0/kick/shot_error_std,0.5738
48,48,test-skill-017,0,kick_survival,kick,shot_error_n,test-skill-017/0/kick/shot_error_n,10
48,48,test-skill-017,0,kick_survival,kick,success_rate_0.5,test-skill-017/0/kick/success_rate_0.5,0.5
48,48,test-skill-017,0,kick_survival,kick,success_rate_1,test-skill-017/0/kick/success_rate_1,0.7
49,49,test-skill-017,0,kick_survival,kick,fall_rate,test-skill-017/0/kick/fall_rate,0.0
49,49,test-skill-017,0,kick_survival,kick,hit_rate,test-skill-017/0/kick/hit_rate,1.0
49,49,test-skill-017,0,kick_survival,kick,direction_success_rate,test-skill-017/0/kick/direction_success_rate,0.6
49,49,test-skill-017,0,kick_survival,kick,ball_speed_mean,test-skill-017/0/kick/ball_speed_mean,2.5839
49,49,test-skill-017,0,kick_survival,kick,ball_speed_std,test-skill-017/0/kick/ball_speed_std,0.6341
49,49,test-skill-017,0,kick_survival,kick,ball_speed_n,test-skill-017/0/kick/ball_speed_n,10
49,49,test-skill-017,0,kick_survival,kick,ball_speed_max,test-skill-017/0/kick/ball_speed_max,3.1573
49,49,test-skill-017,0,kick_survival,kick,shot_error_mean,test-skill-017/0/kick/shot_error_mean,0.9054
49,49,test-skill-017,0,kick_survival,kick,shot_error_std,test-skill-017/0/kick/shot_error_std,0.6019
49,49,test-skill-017,0,kick_survival,kick,shot_error_n,test-skill-017/0/kick/shot_error_n,10
49,49,test-skill-017,0,kick_survival,kick,success_rate_0.5,test-skill-017/0/kick/success_rate_0.5,0.2
49,49,test-skill-017,0,kick_survival,kick,success_rate_1,test-skill-017/0/kick/success_rate_1,0.6
50,50,test-skill-017,0,kick_survival,kick,fall_rate,test-skill-017/0/kick/fall_rate,0.2
50,50,test-skill-017,0,kick_survival,kick,hit_rate,test-skill-017/0/kick/hit_rate,1.0
50,50,test-skill-017,0,kick_survival,kick,direction_success_rate,test-skill-017/0/kick/direction_success_rate,0.6
50,50,test-skill-017,0,kick_survival,kick,ball_speed_mean,test-skill-017/0/kick/ball_speed_mean,2.779
50,50,test-skill-017,0,kick_survival,kick,ball_speed_std,test-skill-017/0/kick/ball_speed_std,0.468
50,50,test-skill-017,0,kick_survival,kick,ball_speed_n,test-skill-017/0/kick/ball_speed_n,10
50,50,test-skill-017,0,kick_survival,kick,ball_speed_max,test-skill-017/0/kick/ball_speed_max,3.2629
50,50,test-skill-017,0,kick_survival,kick,shot_error_mean,test-skill-017/0/kick/shot_error_mean,0.8395
50,50,test-skill-017,0,kick_survival,kick,shot_error_std,test-skill-017/0/kick/shot_error_std,0.5297
50,50,test-skill-017,0,kick_survival,kick,shot_error_n,test-skill-017/0/kick/shot_error_n,10
50,50,test-skill-017,0,kick_survival,kick,success_rate_0.5,test-skill-017/0/kick/success_rate_0.5,0.4
50,50,test-skill-017,0,kick_survival,kick,success_rate_1,test-skill-017/0/kick/success_rate_1,0.6
51,51,test-skill-017,0,kick_survival,kick,fall_rate,test-skill-017/0/kick/fall_rate,0.0
51,51,test-skill-017,0,kick_survival,kick,hit_rate,test-skill-017/0/kick/hit_rate,1.0
51,51,test-skill-017,0,kick_survival,kick,direction_success_rate,test-skill-017/0/kick/direction_success_rate,0.4
51,51,test-skill-017,0,kick_survival,kick,ball_speed_mean,test-skill-017/0/kick/ball_speed_mean,2.8136
51,51,test-skill-017,0,kick_survival,kick,ball_speed_std,test-skill-017/0/kick/ball_speed_std,0.3489
51,51,test-skill-017,0,kick_survival,kick,ball_speed_n,test-skill-017/0/kick/ball_speed_n,10
51,51,test-skill-017,0,kick_survival,kick,ball_speed_max,test-skill-017/0/kick/ball_speed_max,3.2444
51,51,test-skill-017,0,kick_survival,kick,shot_error_mean,test-skill-017/0/kick/shot_error_mean,1.1649
51,51,test-skill-017,0,kick_survival,kick,shot_error_std,test-skill-017/0/kick/shot_error_std,0.6164
51,51,test-skill-017,0,kick_survival,kick,shot_error_n,test-skill-017/0/kick/shot_error_n,10
51,51,test-skill-017,0,kick_survival,kick,success_rate_0.5,test-skill-017/0/kick/success_rate_0.5,0.2
51,51,test-skill-017,0,kick_survival,kick,success_rate_1,test-skill-017/0/kick/success_rate_1,0.4
52,52,test-skill-017,0,kick_survival,kick,fall_rate,test-skill-017/0/kick/fall_rate,0.0
52,52,test-skill-017,0,kick_survival,kick,hit_rate,test-skill-017/0/kick/hit_rate,0.9
52,52,test-skill-017,0,kick_survival,kick,direction_success_rate,test-skill-017/0/kick/direction_success_rate,0.7778
52,52,test-skill-017,0,kick_survival,kick,ball_speed_mean,test-skill-017/0/kick/ball_speed_mean,2.3337
52,52,test-skill-017,0,kick_survival,kick,ball_speed_std,test-skill-017/0/kick/ball_speed_std,0.5709
52,52,test-skill-017,0,kick_survival,kick,ball_speed_n,test-skill-017/0/kick/ball_speed_n,9
52,52,test-skill-017,0,kick_survival,kick,ball_speed_max,test-skill-017/0/kick/ball_speed_max,3.064
52,52,test-skill-017,0,kick_survival,kick,shot_error_mean,test-skill-017/0/kick/shot_error_mean,0.8048
52,52,test-skill-017,0,kick_survival,kick,shot_error_std,test-skill-017/0/kick/shot_error_std,0.537
52,52,test-skill-017,0,kick_survival,kick,shot_error_n,test-skill-017/0/kick/shot_error_n,9
52,52,test-skill-017,0,kick_survival,kick,success_rate_0.5,test-skill-017/0/kick/success_rate_0.5,0.2
52,52,test-skill-017,0,kick_survival,kick,success_rate_1,test-skill-017/0/kick/success_rate_1,0.7
53,53,test-skill-017,0,kick_survival,kick,fall_rate,test-skill-017/0/kick/fall_rate,0.1
53,53,test-skill-017,0,kick_survival,kick,hit_rate,test-skill-017/0/kick/hit_rate,0.9
53,53,test-skill-017,0,kick_survival,kick,direction_success_rate,test-skill-017/0/kick/direction_success_rate,0.2222
53,53,test-skill-017,0,kick_survival,kick,ball_speed_mean,test-skill-017/0/kick/ball_speed_mean,2.881
53,53,test-skill-017,0,kick_survival,kick,ball_speed_std,test-skill-017/0/kick/ball_speed_std,0.4944
53,53,test-skill-017,0,kick_survival,kick,ball_speed_n,test-skill-017/0/kick/ball_speed_n,9
53,53,test-skill-017,0,kick_survival,kick,ball_speed_max,test-skill-017/0/kick/ball_speed_max,3.2572
53,53,test-skill-017,0,kick_survival,kick,shot_error_mean,test-skill-017/0/kick/shot_error_mean,1.2437
53,53,test-skill-017,0,kick_survival,kick,shot_error_std,test-skill-017/0/kick/shot_error_std,0.4923
53,53,test-skill-017,0,kick_survival,kick,shot_error_n,test-skill-017/0/kick/shot_error_n,9
53,53,test-skill-017,0,kick_survival,kick,success_rate_0.5,test-skill-017/0/kick/success_rate_0.5,0.1
53,53,test-skill-017,0,kick_survival,kick,success_rate_1,test-skill-017/0/kick/success_rate_1,0.2
54,54,test-skill-017,0,kick_survival,kick,fall_rate,test-skill-017/0/kick/fall_rate,0.0
54,54,test-skill-017,0,kick_survival,kick,hit_rate,test-skill-017/0/kick/hit_rate,1.0
54,54,test-skill-017,0,kick_survival,kick,direction_success_rate,test-skill-017/0/kick/direction_success_rate,0.7
54,54,test-skill-017,0,kick_survival,kick,ball_speed_mean,test-skill-017/0/kick/ball_speed_mean,2.3585
54,54,test-skill-017,0,kick_survival,kick,ball_speed_std,test-skill-017/0/kick/ball_speed_std,0.6246
54,54,test-skill-017,0,kick_survival,kick,ball_speed_n,test-skill-017/0/kick/ball_speed_n,10
54,54,test-skill-017,0,kick_survival,kick,ball_speed_max,test-skill-017/0/kick/ball_speed_max,3.0852
54,54,test-skill-017,0,kick_survival,kick,shot_error_mean,test-skill-017/0/kick/shot_error_mean,0.999
54,54,test-skill-017,0,kick_survival,kick,shot_error_std,test-skill-017/0/kick/shot_error_std,0.651
54,54,test-skill-017,0,kick_survival,kick,shot_error_n,test-skill-017/0/kick/shot_error_n,10
54,54,test-skill-017,0,kick_survival,kick,success_rate_0.5,test-skill-017/0/kick/success_rate_0.5,0.2
54,54,test-skill-017,0,kick_survival,kick,success_rate_1,test-skill-017/0/kick/success_rate_1,0.7
55,55,test-skill-017,0,kick_survival,kick,fall_rate,test-skill-017/0/kick/fall_rate,0.1
55,55,test-skill-017,0,kick_survival,kick,hit_rate,test-skill-017/0/kick/hit_rate,1.0
55,55,test-skill-017,0,kick_survival,kick,direction_success_rate,test-skill-017/0/kick/direction_success_rate,0.5
55,55,test-skill-017,0,kick_survival,kick,ball_speed_mean,test-skill-017/0/kick/ball_speed_mean,2.5408
55,55,test-skill-017,0,kick_survival,kick,ball_speed_std,test-skill-017/0/kick/ball_speed_std,0.4345
55,55,test-skill-017,0,kick_survival,kick,ball_speed_n,test-skill-017/0/kick/ball_speed_n,10
55,55,test-skill-017,0,kick_survival,kick,ball_speed_max,test-skill-017/0/kick/ball_speed_max,3.1834
55,55,test-skill-017,0,kick_survival,kick,shot_error_mean,test-skill-017/0/kick/shot_error_mean,1.0554
55,55,test-skill-017,0,kick_survival,kick,shot_error_std,test-skill-017/0/kick/shot_error_std,0.6999
55,55,test-skill-017,0,kick_survival,kick,shot_error_n,test-skill-017/0/kick/shot_error_n,10
55,55,test-skill-017,0,kick_survival,kick,success_rate_0.5,test-skill-017/0/kick/success_rate_0.5,0.4
55,55,test-skill-017,0,kick_survival,kick,success_rate_1,test-skill-017/0/kick/success_rate_1,0.5
56,56,test-skill-017,0,kick_survival,kick,fall_rate,test-skill-017/0/kick/fall_rate,0.1
56,56,test-skill-017,0,kick_survival,kick,hit_rate,test-skill-017/0/kick/hit_rate,1.0
56,56,test-skill-017,0,kick_survival,kick,direction_success_rate,test-skill-017/0/kick/direction_success_rate,0.6
56,56,test-skill-017,0,kick_survival,kick,ball_speed_mean,test-skill-017/0/kick/ball_speed_mean,2.3962
56,56,test-skill-017,0,kick_survival,kick,ball_speed_std,test-skill-017/0/kick/ball_speed_std,0.8106
56,56,test-skill-017,0,kick_survival,kick,ball_speed_n,test-skill-017/0/kick/ball_speed_n,10
56,56,test-skill-017,0,kick_survival,kick,ball_speed_max,test-skill-017/0/kick/ball_speed_max,3.2106
56,56,test-skill-017,0,kick_survival,kick,shot_error_mean,test-skill-017/0/kick/shot_error_mean,0.9293
56,56,test-skill-017,0,kick_survival,kick,shot_error_std,test-skill-017/0/kick/shot_error_std,0.5661
56,56,test-skill-017,0,kick_survival,kick,shot_error_n,test-skill-017/0/kick/shot_error_n,10
56,56,test-skill-017,0,kick_survival,kick,success_rate_0.5,test-skill-017/0/kick/success_rate_0.5,0.3
56,56,test-skill-017,0,kick_survival,kick,success_rate_1,test-skill-017/0/kick/success_rate_1,0.6
57,57,test-skill-017,0,kick_survival,kick,fall_rate,test-skill-017/0/kick/fall_rate,0.0
57,57,test-skill-017,0,kick_survival,kick,hit_rate,test-skill-017/0/kick/hit_rate,1.0
57,57,test-skill-017,0,kick_survival,kick,direction_success_rate,test-skill-017/0/kick/direction_success_rate,0.5
57,57,test-skill-017,0,kick_survival,kick,ball_speed_mean,test-skill-017/0/kick/ball_speed_mean,2.7316
57,57,test-skill-017,0,kick_survival,kick,ball_speed_std,test-skill-017/0/kick/ball_speed_std,0.433
57,57,test-skill-017,0,kick_survival,kick,ball_speed_n,test-skill-017/0/kick/ball_speed_n,10
57,57,test-skill-017,0,kick_survival,kick,ball_speed_max,test-skill-017/0/kick/ball_speed_max,3.1551
57,57,test-skill-017,0,kick_survival,kick,shot_error_mean,test-skill-017/0/kick/shot_error_mean,0.9917
57,57,test-skill-017,0,kick_survival,kick,shot_error_std,test-skill-017/0/kick/shot_error_std,0.4831
57,57,test-skill-017,0,kick_survival,kick,shot_error_n,test-skill-017/0/kick/shot_error_n,10
57,57,test-skill-017,0,kick_survival,kick,success_rate_0.5,test-skill-017/0/kick/success_rate_0.5,0.2
57,57,test-skill-017,0,kick_survival,kick,success_rate_1,test-skill-017/0/kick/success_rate_1,0.5
58,58,test-skill-017,0,kick_survival,kick,fall_rate,test-skill-017/0/kick/fall_rate,0.3
58,58,test-skill-017,0,kick_survival,kick,hit_rate,test-skill-017/0/kick/hit_rate,1.0
58,58,test-skill-017,0,kick_survival,kick,direction_success_rate,test-skill-017/0/kick/direction_success_rate,0.4
58,58,test-skill-017,0,kick_survival,kick,ball_speed_mean,test-skill-017/0/kick/ball_speed_mean,2.771
58,58,test-skill-017,0,kick_survival,kick,ball_speed_std,test-skill-017/0/kick/ball_speed_std,0.6769
58,58,test-skill-017,0,kick_survival,kick,ball_speed_n,test-skill-017/0/kick/ball_speed_n,10
58,58,test-skill-017,0,kick_survival,kick,ball_speed_max,test-skill-017/0/kick/ball_speed_max,3.4364
58,58,test-skill-017,0,kick_survival,kick,shot_error_mean,test-skill-017/0/kick/shot_error_mean,1.4692
58,58,test-skill-017,0,kick_survival,kick,shot_error_std,test-skill-017/0/kick/shot_error_std,1.0245
58,58,test-skill-017,0,kick_survival,kick,shot_error_n,test-skill-017/0/kick/shot_error_n,10
58,58,test-skill-017,0,kick_survival,kick,success_rate_0.5,test-skill-017/0/kick/success_rate_0.5,0.4
58,58,test-skill-017,0,kick_survival,kick,success_rate_1,test-skill-017/0/kick/success_rate_1,0.4
59,59,test-skill-017,0,kick_survival,kick,fall_rate,test-skill-017/0/kick/fall_rate,0.1
59,59,test-skill-017,0,kick_survival,kick,hit_rate,test-skill-017/0/kick/hit_rate,1.0
59,59,test-skill-017,0,kick_survival,kick,direction_success_rate,test-skill-017/0/kick/direction_success_rate,0.7
59,59,test-skill-017,0,kick_survival,kick,ball_speed_mean,test-skill-017/0/kick/ball_speed_mean,2.504
59,59,test-skill-017,0,kick_survival,kick,ball_speed_std,test-skill-017/0/kick/ball_speed_std,0.4517
59,59,test-skill-017,0,kick_survival,kick,ball_speed_n,test-skill-017/0/kick/ball_speed_n,10
59,59,test-skill-017,0,kick_survival,kick,ball_speed_max,test-skill-017/0/kick/ball_speed_max,3.2742
59,59,test-skill-017,0,kick_survival,kick,shot_error_mean,test-skill-017/0/kick/shot_error_mean,0.972
59,59,test-skill-017,0,kick_survival,kick,shot_error_std,test-skill-017/0/kick/shot_error_std,0.5311
59,59,test-skill-017,0,kick_survival,kick,shot_error_n,test-skill-017/0/kick/shot_error_n,10
59,59,test-skill-017,0,kick_survival,kick,success_rate_0.5,test-skill-017/0/kick/success_rate_0.5,0.2
59,59,test-skill-017,0,kick_survival,kick,success_rate_1,test-skill-017/0/kick/success_rate_1,0.7
60,60,test-skill-017,0,kick_survival,kick,fall_rate,test-skill-017/0/kick/fall_rate,0.1
60,60,test-skill-017,0,kick_survival,kick,hit_rate,test-skill-017/0/kick/hit_rate,1.0
60,60,test-skill-017,0,kick_survival,kick,direction_success_rate,test-skill-017/0/kick/direction_success_rate,0.5
60,60,test-skill-017,0,kick_survival,kick,ball_speed_mean,test-skill-017/0/kick/ball_speed_mean,2.6355
60,60,test-skill-017,0,kick_survival,kick,ball_speed_std,test-skill-017/0/kick/ball_speed_std,0.641
60,60,test-skill-017,0,kick_survival,kick,ball_speed_n,test-skill-017/0/kick/ball_speed_n,10
60,60,test-skill-017,0,kick_survival,kick,ball_speed_max,test-skill-017/0/kick/ball_speed_max,3.3033
60,60,test-skill-017,0,kick_survival,kick,shot_error_mean,test-skill-017/0/kick/shot_error_mean,1.1768
60,60,test-skill-017,0,kick_survival,kick,shot_error_std,test-skill-017/0/kick/shot_error_std,0.6463
60,60,test-skill-017,0,kick_survival,kick,shot_error_n,test-skill-017/0/kick/shot_error_n,10
60,60,test-skill-017,0,kick_survival,kick,success_rate_0.5,test-skill-017/0/kick/success_rate_0.5,0.1
60,60,test-skill-017,0,kick_survival,kick,success_rate_1,test-skill-017/0/kick/success_rate_1,0.5
61,61,test-skill-017,0,kick_survival,kick,fall_rate,test-skill-017/0/kick/fall_rate,0.1
61,61,test-skill-017,0,kick_survival,kick,hit_rate,test-skill-017/0/kick/hit_rate,0.9
61,61,test-skill-017,0,kick_survival,kick,direction_success_rate,test-skill-017/0/kick/direction_success_rate,0.5556
61,61,test-skill-017,0,kick_survival,kick,ball_speed_mean,test-skill-017/0/kick/ball_speed_mean,2.6638
61,61,test-skill-017,0,kick_survival,kick,ball_speed_std,test-skill-017/0/kick/ball_speed_std,0.6528
61,61,test-skill-017,0,kick_survival,kick,ball_speed_n,test-skill-017/0/kick/ball_speed_n,9
61,61,test-skill-017,0,kick_survival,kick,ball_speed_max,test-skill-017/0/kick/ball_speed_max,3.2629
61,61,test-skill-017,0,kick_survival,kick,shot_error_mean,test-skill-017/0/kick/shot_error_mean,0.986
61,61,test-skill-017,0,kick_survival,kick,shot_error_std,test-skill-017/0/kick/shot_error_std,0.724
61,61,test-skill-017,0,kick_survival,kick,shot_error_n,test-skill-017/0/kick/shot_error_n,9
61,61,test-skill-017,0,kick_survival,kick,success_rate_0.5,test-skill-017/0/kick/success_rate_0.5,0.2
61,61,test-skill-017,0,kick_survival,kick,success_rate_1,test-skill-017/0/kick/success_rate_1,0.5
62,62,test-skill-017,0,kick_survival,kick,fall_rate,test-skill-017/0/kick/fall_rate,0.0
62,62,test-skill-017,0,kick_survival,kick,hit_rate,test-skill-017/0/kick/hit_rate,1.0
62,62,test-skill-017,0,kick_survival,kick,direction_success_rate,test-skill-017/0/kick/direction_success_rate,0.8
62,62,test-skill-017,0,kick_survival,kick,ball_speed_mean,test-skill-017/0/kick/ball_speed_mean,2.7911
62,62,test-skill-017,0,kick_survival,kick,ball_speed_std,test-skill-017/0/kick/ball_speed_std,0.5004
62,62,test-skill-017,0,kick_survival,kick,ball_speed_n,test-skill-017/0/kick/ball_speed_n,10
62,62,test-skill-017,0,kick_survival,kick,ball_speed_max,test-skill-017/0/kick/ball_speed_max,3.4833
62,62,test-skill-017,0,kick_survival,kick,shot_error_mean,test-skill-017/0/kick/shot_error_mean,0.7465
62,62,test-skill-017,0,kick_survival,kick,shot_error_std,test-skill-017/0/kick/shot_error_std,0.7263
62,62,test-skill-017,0,kick_survival,kick,shot_error_n,test-skill-017/0/kick/shot_error_n,10
62,62,test-skill-017,0,kick_survival,kick,success_rate_0.5,test-skill-017/0/kick/success_rate_0.5,0.4
62,62,test-skill-017,0,kick_survival,kick,success_rate_1,test-skill-017/0/kick/success_rate_1,0.8
63,63,test-skill-017,0,kick_survival,kick,fall_rate,test-skill-017/0/kick/fall_rate,0.0
63,63,test-skill-017,0,kick_survival,kick,hit_rate,test-skill-017/0/kick/hit_rate,1.0
63,63,test-skill-017,0,kick_survival,kick,direction_success_rate,test-skill-017/0/kick/direction_success_rate,0.4
63,63,test-skill-017,0,kick_survival,kick,ball_speed_mean,test-skill-017/0/kick/ball_speed_mean,2.3513
63,63,test-skill-017,0,kick_survival,kick,ball_speed_std,test-skill-017/0/kick/ball_speed_std,0.6105
63,63,test-skill-017,0,kick_survival,kick,ball_speed_n,test-skill-017/0/kick/ball_speed_n,10
63,63,test-skill-017,0,kick_survival,kick,ball_speed_max,test-skill-017/0/kick/ball_speed_max,3.183
63,63,test-skill-017,0,kick_survival,kick,shot_error_mean,test-skill-017/0/kick/shot_error_mean,1.0287
63,63,test-skill-017,0,kick_survival,kick,shot_error_std,test-skill-017/0/kick/shot_error_std,0.4976
63,63,test-skill-017,0,kick_survival,kick,shot_error_n,test-skill-017/0/kick/shot_error_n,10
63,63,test-skill-017,0,kick_survival,kick,success_rate_0.5,test-skill-017/0/kick/success_rate_0.5,0.3
63,63,test-skill-017,0,kick_survival,kick,success_rate_1,test-skill-017/0/kick/success_rate_1,0.4
64,64,test-skill-017,0,kick_survival,kick,fall_rate,test-skill-017/0/kick/fall_rate,0.2
64,64,test-skill-017,0,kick_survival,kick,hit_rate,test-skill-017/0/kick/hit_rate,1.0
64,64,test-skill-017,0,kick_survival,kick,direction_success_rate,test-skill-017/0/kick/direction_success_rate,0.4
64,64,test-skill-017,0,kick_survival,kick,ball_speed_mean,test-skill-017/0/kick/ball_speed_mean,2.6573
64,64,test-skill-017,0,kick_survival,kick,ball_speed_std,test-skill-017/0/kick/ball_speed_std,0.7379
64,64,test-skill-017,0,kick_survival,kick,ball_speed_n,test-skill-017/0/kick/ball_speed_n,10
64,64,test-skill-017,0,kick_survival,kick,ball_speed_max,test-skill-017/0/kick/ball_speed_max,3.5706
64,64,test-skill-017,0,kick_survival,kick,shot_error_mean,test-skill-017/0/kick/shot_error_mean,1.4214
64,64,test-skill-017,0,kick_survival,kick,shot_error_std,test-skill-017/0/kick/shot_error_std,0.961
64,64,test-skill-017,0,kick_survival,kick,shot_error_n,test-skill-017/0/kick/shot_error_n,10
64,64,test-skill-017,0,kick_survival,kick,success_rate_0.5,test-skill-017/0/kick/success_rate_0.5,0.3
64,64,test-skill-017,0,kick_survival,kick,success_rate_1,test-skill-017/0/kick/success_rate_1,0.4
65,65,test-skill-017,0,kick_survival,kick,fall_rate,test-skill-017/0/kick/fall_rate,0.1
65,65,test-skill-017,0,kick_survival,kick,hit_rate,test-skill-017/0/kick/hit_rate,1.0
65,65,test-skill-017,0,kick_survival,kick,direction_success_rate,test-skill-017/0/kick/direction_success_rate,0.5
65,65,test-skill-017,0,kick_survival,kick,ball_speed_mean,test-skill-017/0/kick/ball_speed_mean,2.3714
65,65,test-skill-017,0,kick_survival,kick,ball_speed_std,test-skill-017/0/kick/ball_speed_std,0.6297
65,65,test-skill-017,0,kick_survival,kick,ball_speed_n,test-skill-017/0/kick/ball_speed_n,10
65,65,test-skill-017,0,kick_survival,kick,ball_speed_max,test-skill-017/0/kick/ball_speed_max,3.0906
65,65,test-skill-017,0,kick_survival,kick,shot_error_mean,test-skill-017/0/kick/shot_error_mean,0.8646
65,65,test-skill-017,0,kick_survival,kick,shot_error_std,test-skill-017/0/kick/shot_error_std,0.5616
65,65,test-skill-017,0,kick_survival,kick,shot_error_n,test-skill-017/0/kick/shot_error_n,10
65,65,test-skill-017,0,kick_survival,kick,success_rate_0.5,test-skill-017/0/kick/success_rate_0.5,0.4
65,65,test-skill-017,0,kick_survival,kick,success_rate_1,test-skill-017/0/kick/success_rate_1,0.5
66,66,test-skill-017,0,kick_survival,kick,fall_rate,test-skill-017/0/kick/fall_rate,0.0
66,66,test-skill-017,0,kick_survival,kick,hit_rate,test-skill-017/0/kick/hit_rate,1.0
66,66,test-skill-017,0,kick_survival,kick,direction_success_rate,test-skill-017/0/kick/direction_success_rate,0.5
66,66,test-skill-017,0,kick_survival,kick,ball_speed_mean,test-skill-017/0/kick/ball_speed_mean,2.7352
66,66,test-skill-017,0,kick_survival,kick,ball_speed_std,test-skill-017/0/kick/ball_speed_std,0.4416
66,66,test-skill-017,0,kick_survival,kick,ball_speed_n,test-skill-017/0/kick/ball_speed_n,10
66,66,test-skill-017,0,kick_survival,kick,ball_speed_max,test-skill-017/0/kick/ball_speed_max,3.2987
66,66,test-skill-017,0,kick_survival,kick,shot_error_mean,test-skill-017/0/kick/shot_error_mean,1.1212
66,66,test-skill-017,0,kick_survival,kick,shot_error_std,test-skill-017/0/kick/shot_error_std,0.77
66,66,test-skill-017,0,kick_survival,kick,shot_error_n,test-skill-017/0/kick/shot_error_n,10
66,66,test-skill-017,0,kick_survival,kick,success_rate_0.5,test-skill-017/0/kick/success_rate_0.5,0.3
66,66,test-skill-017,0,kick_survival,kick,success_rate_1,test-skill-017/0/kick/success_rate_1,0.5
67,67,test-skill-017,0,kick_survival,kick,fall_rate,test-skill-017/0/kick/fall_rate,0.1
67,67,test-skill-017,0,kick_survival,kick,hit_rate,test-skill-017/0/kick/hit_rate,1.0
67,67,test-skill-017,0,kick_survival,kick,direction_success_rate,test-skill-017/0/kick/direction_success_rate,0.8
67,67,test-skill-017,0,kick_survival,kick,ball_speed_mean,test-skill-017/0/kick/ball_speed_mean,2.3155
67,67,test-skill-017,0,kick_survival,kick,ball_speed_std,test-skill-017/0/kick/ball_speed_std,0.562
67,67,test-skill-017,0,kick_survival,kick,ball_speed_n,test-skill-017/0/kick/ball_speed_n,10
67,67,test-skill-017,0,kick_survival,kick,ball_speed_max,test-skill-017/0/kick/ball_speed_max,3.2549
67,67,test-skill-017,0,kick_survival,kick,shot_error_mean,test-skill-017/0/kick/shot_error_mean,0.7379
67,67,test-skill-017,0,kick_survival,kick,shot_error_std,test-skill-017/0/kick/shot_error_std,0.5878
67,67,test-skill-017,0,kick_survival,kick,shot_error_n,test-skill-017/0/kick/shot_error_n,10
67,67,test-skill-017,0,kick_survival,kick,success_rate_0.5,test-skill-017/0/kick/success_rate_0.5,0.5
67,67,test-skill-017,0,kick_survival,kick,success_rate_1,test-skill-017/0/kick/success_rate_1,0.8
68,68,test-skill-017,0,kick_survival,kick,fall_rate,test-skill-017/0/kick/fall_rate,0.2
68,68,test-skill-017,0,kick_survival,kick,hit_rate,test-skill-017/0/kick/hit_rate,1.0
68,68,test-skill-017,0,kick_survival,kick,direction_success_rate,test-skill-017/0/kick/direction_success_rate,0.8
68,68,test-skill-017,0,kick_survival,kick,ball_speed_mean,test-skill-017/0/kick/ball_speed_mean,2.4898
68,68,test-skill-017,0,kick_survival,kick,ball_speed_std,test-skill-017/0/kick/ball_speed_std,0.6244
68,68,test-skill-017,0,kick_survival,kick,ball_speed_n,test-skill-017/0/kick/ball_speed_n,10
68,68,test-skill-017,0,kick_survival,kick,ball_speed_max,test-skill-017/0/kick/ball_speed_max,3.2074
68,68,test-skill-017,0,kick_survival,kick,shot_error_mean,test-skill-017/0/kick/shot_error_mean,0.7709
68,68,test-skill-017,0,kick_survival,kick,shot_error_std,test-skill-017/0/kick/shot_error_std,0.5387
68,68,test-skill-017,0,kick_survival,kick,shot_error_n,test-skill-017/0/kick/shot_error_n,10
68,68,test-skill-017,0,kick_survival,kick,success_rate_0.5,test-skill-017/0/kick/success_rate_0.5,0.4
68,68,test-skill-017,0,kick_survival,kick,success_rate_1,test-skill-017/0/kick/success_rate_1,0.8
69,69,test-skill-017,0,kick_survival,kick,fall_rate,test-skill-017/0/kick/fall_rate,0.1
69,69,test-skill-017,0,kick_survival,kick,hit_rate,test-skill-017/0/kick/hit_rate,1.0
69,69,test-skill-017,0,kick_survival,kick,direction_success_rate,test-skill-017/0/kick/direction_success_rate,0.5
69,69,test-skill-017,0,kick_survival,kick,ball_speed_mean,test-skill-017/0/kick/ball_speed_mean,2.7914
69,69,test-skill-017,0,kick_survival,kick,ball_speed_std,test-skill-017/0/kick/ball_speed_std,0.3334
69,69,test-skill-017,0,kick_survival,kick,ball_speed_n,test-skill-017/0/kick/ball_speed_n,10
69,69,test-skill-017,0,kick_survival,kick,ball_speed_max,test-skill-017/0/kick/ball_speed_max,3.2197
69,69,test-skill-017,0,kick_survival,kick,shot_error_mean,test-skill-017/0/kick/shot_error_mean,1.0966
69,69,test-skill-017,0,kick_survival,kick,shot_error_std,test-skill-017/0/kick/shot_error_std,0.7375
69,69,test-skill-017,0,kick_survival,kick,shot_error_n,test-skill-017/0/kick/shot_error_n,10
69,69,test-skill-017,0,kick_survival,kick,success_rate_0.5,test-skill-017/0/kick/success_rate_0.5,0.3
69,69,test-skill-017,0,kick_survival,kick,success_rate_1,test-skill-017/0/kick/success_rate_1,0.5
70,70,test-skill-017,0,kick_survival,kick,fall_rate,test-skill-017/0/kick/fall_rate,0.1
70,70,test-skill-017,0,kick_survival,kick,hit_rate,test-skill-017/0/kick/hit_rate,0.9
70,70,test-skill-017,0,kick_survival,kick,direction_success_rate,test-skill-017/0/kick/direction_success_rate,0.6667
70,70,test-skill-017,0,kick_survival,kick,ball_speed_mean,test-skill-017/0/kick/ball_speed_mean,2.5713
70,70,test-skill-017,0,kick_survival,kick,ball_speed_std,test-skill-017/0/kick/ball_speed_std,0.6265
70,70,test-skill-017,0,kick_survival,kick,ball_speed_n,test-skill-017/0/kick/ball_speed_n,9
70,70,test-skill-017,0,kick_survival,kick,ball_speed_max,test-skill-017/0/kick/ball_speed_max,3.2735
70,70,test-skill-017,0,kick_survival,kick,shot_error_mean,test-skill-017/0/kick/shot_error_mean,0.9726
70,70,test-skill-017,0,kick_survival,kick,shot_error_std,test-skill-017/0/kick/shot_error_std,0.7812
70,70,test-skill-017,0,kick_survival,kick,shot_error_n,test-skill-017/0/kick/shot_error_n,9
70,70,test-skill-017,0,kick_survival,kick,success_rate_0.5,test-skill-017/0/kick/success_rate_0.5,0.3
70,70,test-skill-017,0,kick_survival,kick,success_rate_1,test-skill-017/0/kick/success_rate_1,0.6
71,71,test-skill-017,0,kick_survival,kick,fall_rate,test-skill-017/0/kick/fall_rate,0.0
71,71,test-skill-017,0,kick_survival,kick,hit_rate,test-skill-017/0/kick/hit_rate,1.0
71,71,test-skill-017,0,kick_survival,kick,direction_success_rate,test-skill-017/0/kick/direction_success_rate,0.6
71,71,test-skill-017,0,kick_survival,kick,ball_speed_mean,test-skill-017/0/kick/ball_speed_mean,2.5853
71,71,test-skill-017,0,kick_survival,kick,ball_speed_std,test-skill-017/0/kick/ball_speed_std,0.4681
71,71,test-skill-017,0,kick_survival,kick,ball_speed_n,test-skill-017/0/kick/ball_speed_n,10
71,71,test-skill-017,0,kick_survival,kick,ball_speed_max,test-skill-017/0/kick/ball_speed_max,3.2446
71,71,test-skill-017,0,kick_survival,kick,shot_error_mean,test-skill-017/0/kick/shot_error_mean,0.9388
71,71,test-skill-017,0,kick_survival,kick,shot_error_std,test-skill-017/0/kick/shot_error_std,0.5406
71,71,test-skill-017,0,kick_survival,kick,shot_error_n,test-skill-017/0/kick/shot_error_n,10
71,71,test-skill-017,0,kick_survival,kick,success_rate_0.5,test-skill-017/0/kick/success_rate_0.5,0.3
71,71,test-skill-017,0,kick_survival,kick,success_rate_1,test-skill-017/0/kick/success_rate_1,0.6
72,72,test-skill-017,0,kick_survival,kick,fall_rate,test-skill-017/0/kick/fall_rate,0.2
72,72,test-skill-017,0,kick_survival,kick,hit_rate,test-skill-017/0/kick/hit_rate,1.0
72,72,test-skill-017,0,kick_survival,kick,direction_success_rate,test-skill-017/0/kick/direction_success_rate,0.5
72,72,test-skill-017,0,kick_survival,kick,ball_speed_mean,test-skill-017/0/kick/ball_speed_mean,2.5587
72,72,test-skill-017,0,kick_survival,kick,ball_speed_std,test-skill-017/0/kick/ball_speed_std,0.596
72,72,test-skill-017,0,kick_survival,kick,ball_speed_n,test-skill-017/0/kick/ball_speed_n,10
72,72,test-skill-017,0,kick_survival,kick,ball_speed_max,test-skill-017/0/kick/ball_speed_max,3.2469
72,72,test-skill-017,0,kick_survival,kick,shot_error_mean,test-skill-017/0/kick/shot_error_mean,0.9855
72,72,test-skill-017,0,kick_survival,kick,shot_error_std,test-skill-017/0/kick/shot_error_std,0.7558
72,72,test-skill-017,0,kick_survival,kick,shot_error_n,test-skill-017/0/kick/shot_error_n,10
72,72,test-skill-017,0,kick_survival,kick,success_rate_0.5,test-skill-017/0/kick/success_rate_0.5,0.3
72,72,test-skill-017,0,kick_survival,kick,success_rate_1,test-skill-017/0/kick/success_rate_1,0.5
73,73,test-skill-017,0,kick_survival,kick,fall_rate,test-skill-017/0/kick/fall_rate,0.0
73,73,test-skill-017,0,kick_survival,kick,hit_rate,test-skill-017/0/kick/hit_rate,1.0
73,73,test-skill-017,0,kick_survival,kick,direction_success_rate,test-skill-017/0/kick/direction_success_rate,0.4
73,73,test-skill-017,0,kick_survival,kick,ball_speed_mean,test-skill-017/0/kick/ball_speed_mean,2.5325
73,73,test-skill-017,0,kick_survival,kick,ball_speed_std,test-skill-017/0/kick/ball_speed_std,0.6249
73,73,test-skill-017,0,kick_survival,kick,ball_speed_n,test-skill-017/0/kick/ball_speed_n,10
73,73,test-skill-017,0,kick_survival,kick,ball_speed_max,test-skill-017/0/kick/ball_speed_max,3.2779
73,73,test-skill-017,0,kick_survival,kick,shot_error_mean,test-skill-017/0/kick/shot_error_mean,1.2628
73,73,test-skill-017,0,kick_survival,kick,shot_error_std,test-skill-017/0/kick/shot_error_std,0.8016
73,73,test-skill-017,0,kick_survival,kick,shot_error_n,test-skill-017/0/kick/shot_error_n,10
73,73,test-skill-017,0,kick_survival,kick,success_rate_0.5,test-skill-017/0/kick/success_rate_0.5,0.3
73,73,test-skill-017,0,kick_survival,kick,success_rate_1,test-skill-017/0/kick/success_rate_1,0.4
74,74,test-skill-017,0,kick_survival,kick,fall_rate,test-skill-017/0/kick/fall_rate,0.0
74,74,test-skill-017,0,kick_survival,kick,hit_rate,test-skill-017/0/kick/hit_rate,1.0
74,74,test-skill-017,0,kick_survival,kick,direction_success_rate,test-skill-017/0/kick/direction_success_rate,0.5
74,74,test-skill-017,0,kick_survival,kick,ball_speed_mean,test-skill-017/0/kick/ball_speed_mean,2.4747
74,74,test-skill-017,0,kick_survival,kick,ball_speed_std,test-skill-017/0/kick/ball_speed_std,0.6683
74,74,test-skill-017,0,kick_survival,kick,ball_speed_n,test-skill-017/0/kick/ball_speed_n,10
74,74,test-skill-017,0,kick_survival,kick,ball_speed_max,test-skill-017/0/kick/ball_speed_max,3.2346
74,74,test-skill-017,0,kick_survival,kick,shot_error_mean,test-skill-017/0/kick/shot_error_mean,0.9065
74,74,test-skill-017,0,kick_survival,kick,shot_error_std,test-skill-017/0/kick/shot_error_std,0.5273
74,74,test-skill-017,0,kick_survival,kick,shot_error_n,test-skill-017/0/kick/shot_error_n,10
74,74,test-skill-017,0,kick_survival,kick,success_rate_0.5,test-skill-017/0/kick/success_rate_0.5,0.3
74,74,test-skill-017,0,kick_survival,kick,success_rate_1,test-skill-017/0/kick/success_rate_1,0.5
75,75,test-skill-017,0,kick_survival,kick,fall_rate,test-skill-017/0/kick/fall_rate,0.0
75,75,test-skill-017,0,kick_survival,kick,hit_rate,test-skill-017/0/kick/hit_rate,0.9
75,75,test-skill-017,0,kick_survival,kick,direction_success_rate,test-skill-017/0/kick/direction_success_rate,0.4444
75,75,test-skill-017,0,kick_survival,kick,ball_speed_mean,test-skill-017/0/kick/ball_speed_mean,2.4081
75,75,test-skill-017,0,kick_survival,kick,ball_speed_std,test-skill-017/0/kick/ball_speed_std,0.716
75,75,test-skill-017,0,kick_survival,kick,ball_speed_n,test-skill-017/0/kick/ball_speed_n,9
75,75,test-skill-017,0,kick_survival,kick,ball_speed_max,test-skill-017/0/kick/ball_speed_max,3.2292
75,75,test-skill-017,0,kick_survival,kick,shot_error_mean,test-skill-017/0/kick/shot_error_mean,1.0632
75,75,test-skill-017,0,kick_survival,kick,shot_error_std,test-skill-017/0/kick/shot_error_std,0.5052
75,75,test-skill-017,0,kick_survival,kick,shot_error_n,test-skill-017/0/kick/shot_error_n,9
75,75,test-skill-017,0,kick_survival,kick,success_rate_0.5,test-skill-017/0/kick/success_rate_0.5,0.1
75,75,test-skill-017,0,kick_survival,kick,success_rate_1,test-skill-017/0/kick/success_rate_1,0.4
76,76,test-skill-017,0,kick_survival,kick,fall_rate,test-skill-017/0/kick/fall_rate,0.0
76,76,test-skill-017,0,kick_survival,kick,hit_rate,test-skill-017/0/kick/hit_rate,1.0
76,76,test-skill-017,0,kick_survival,kick,direction_success_rate,test-skill-017/0/kick/direction_success_rate,0.6
76,76,test-skill-017,0,kick_survival,kick,ball_speed_mean,test-skill-017/0/kick/ball_speed_mean,2.5229
76,76,test-skill-017,0,kick_survival,kick,ball_speed_std,test-skill-017/0/kick/ball_speed_std,0.5701
76,76,test-skill-017,0,kick_survival,kick,ball_speed_n,test-skill-017/0/kick/ball_speed_n,10
76,76,test-skill-017,0,kick_survival,kick,ball_speed_max,test-skill-017/0/kick/ball_speed_max,3.2047
76,76,test-skill-017,0,kick_survival,kick,shot_error_mean,test-skill-017/0/kick/shot_error_mean,0.8304
76,76,test-skill-017,0,kick_survival,kick,shot_error_std,test-skill-017/0/kick/shot_error_std,0.4683
76,76,test-skill-017,0,kick_survival,kick,shot_error_n,test-skill-017/0/kick/shot_error_n,10
76,76,test-skill-017,0,kick_survival,kick,success_rate_0.5,test-skill-017/0/kick/success_rate_0.5,0.4
76,76,test-skill-017,0,kick_survival,kick,success_rate_1,test-skill-017/0/kick/success_rate_1,0.6
77,77,test-skill-017,0,kick_survival,kick,fall_rate,test-skill-017/0/kick/fall_rate,0.2
77,77,test-skill-017,0,kick_survival,kick,hit_rate,test-skill-017/0/kick/hit_rate,1.0
77,77,test-skill-017,0,kick_survival,kick,direction_success_rate,test-skill-017/0/kick/direction_success_rate,0.4
77,77,test-skill-017,0,kick_survival,kick,ball_speed_mean,test-skill-017/0/kick/ball_speed_mean,2.4805
77,77,test-skill-017,0,kick_survival,kick,ball_speed_std,test-skill-017/0/kick/ball_speed_std,0.6549
77,77,test-skill-017,0,kick_survival,kick,ball_speed_n,test-skill-017/0/kick/ball_speed_n,10
77,77,test-skill-017,0,kick_survival,kick,ball_speed_max,test-skill-017/0/kick/ball_speed_max,3.4324
77,77,test-skill-017,0,kick_survival,kick,shot_error_mean,test-skill-017/0/kick/shot_error_mean,1.2839
77,77,test-skill-017,0,kick_survival,kick,shot_error_std,test-skill-017/0/kick/shot_error_std,0.6998
77,77,test-skill-017,0,kick_survival,kick,shot_error_n,test-skill-017/0/kick/shot_error_n,10
77,77,test-skill-017,0,kick_survival,kick,success_rate_0.5,test-skill-017/0/kick/success_rate_0.5,0.2
77,77,test-skill-017,0,kick_survival,kick,success_rate_1,test-skill-017/0/kick/success_rate_1,0.4
78,78,test-skill-017,0,kick_survival,kick,fall_rate,test-skill-017/0/kick/fall_rate,0.3
78,78,test-skill-017,0,kick_survival,kick,hit_rate,test-skill-017/0/kick/hit_rate,1.0
78,78,test-skill-017,0,kick_survival,kick,direction_success_rate,test-skill-017/0/kick/direction_success_rate,0.7
78,78,test-skill-017,0,kick_survival,kick,ball_speed_mean,test-skill-017/0/kick/ball_speed_mean,2.7657
78,78,test-skill-017,0,kick_survival,kick,ball_speed_std,test-skill-017/0/kick/ball_speed_std,0.4308
78,78,test-skill-017,0,kick_survival,kick,ball_speed_n,test-skill-017/0/kick/ball_speed_n,10
78,78,test-skill-017,0,kick_survival,kick,ball_speed_max,test-skill-017/0/kick/ball_speed_max,3.2339
78,78,test-skill-017,0,kick_survival,kick,shot_error_mean,test-skill-017/0/kick/shot_error_mean,0.8551
78,78,test-skill-017,0,kick_survival,kick,shot_error_std,test-skill-017/0/kick/shot_error_std,0.9158
78,78,test-skill-017,0,kick_survival,kick,shot_error_n,test-skill-017/0/kick/shot_error_n,10
78,78,test-skill-017,0,kick_survival,kick,success_rate_0.5,test-skill-017/0/kick/success_rate_0.5,0.4
78,78,test-skill-017,0,kick_survival,kick,success_rate_1,test-skill-017/0/kick/success_rate_1,0.7
79,79,test-skill-017,0,kick_survival,kick,fall_rate,test-skill-017/0/kick/fall_rate,0.1
79,79,test-skill-017,0,kick_survival,kick,hit_rate,test-skill-017/0/kick/hit_rate,0.9
79,79,test-skill-017,0,kick_survival,kick,direction_success_rate,test-skill-017/0/kick/direction_success_rate,0.6667
79,79,test-skill-017,0,kick_survival,kick,ball_speed_mean,test-skill-017/0/kick/ball_speed_mean,2.2058
79,79,test-skill-017,0,kick_survival,kick,ball_speed_std,test-skill-017/0/kick/ball_speed_std,0.5443
79,79,test-skill-017,0,kick_survival,kick,ball_speed_n,test-skill-017/0/kick/ball_speed_n,9
79,79,test-skill-017,0,kick_survival,kick,ball_speed_max,test-skill-017/0/kick/ball_speed_max,3.1016
79,79,test-skill-017,0,kick_survival,kick,shot_error_mean,test-skill-017/0/kick/shot_error_mean,0.6959
79,79,test-skill-017,0,kick_survival,kick,shot_error_std,test-skill-017/0/kick/shot_error_std,0.4045
79,79,test-skill-017,0,kick_survival,kick,shot_error_n,test-skill-017/0/kick/shot_error_n,9
79,79,test-skill-017,0,kick_survival,kick,success_rate_0.5,test-skill-017/0/kick/success_rate_0.5,0.3
79,79,test-skill-017,0,kick_survival,kick,success_rate_1,test-skill-017/0/kick/success_rate_1,0.6
80,80,test-skill-017,0,kick_survival,kick,fall_rate,test-skill-017/0/kick/fall_rate,0.1
80,80,test-skill-017,0,kick_survival,kick,hit_rate,test-skill-017/0/kick/hit_rate,1.0
80,80,test-skill-017,0,kick_survival,kick,direction_success_rate,test-skill-017/0/kick/direction_success_rate,0.5
80,80,test-skill-017,0,kick_survival,kick,ball_speed_mean,test-skill-017/0/kick/ball_speed_mean,2.7117
80,80,test-skill-017,0,kick_survival,kick,ball_speed_std,test-skill-017/0/kick/ball_speed_std,0.3792
80,80,test-skill-017,0,kick_survival,kick,ball_speed_n,test-skill-017/0/kick/ball_speed_n,10
80,80,test-skill-017,0,kick_survival,kick,ball_speed_max,test-skill-017/0/kick/ball_speed_max,3.201
80,80,test-skill-017,0,kick_survival,kick,shot_error_mean,test-skill-017/0/kick/shot_error_mean,1.0385
80,80,test-skill-017,0,kick_survival,kick,shot_error_std,test-skill-017/0/kick/shot_error_std,0.5936
80,80,test-skill-017,0,kick_survival,kick,shot_error_n,test-skill-017/0/kick/shot_error_n,10
80,80,test-skill-017,0,kick_survival,kick,success_rate_0.5,test-skill-017/0/kick/success_rate_0.5,0.3
80,80,test-skill-017,0,kick_survival,kick,success_rate_1,test-skill-017/0/kick/success_rate_1,0.5
81,81,test-skill-017,0,kick_survival,kick,fall_rate,test-skill-017/0/kick/fall_rate,0.1
81,81,test-skill-017,0,kick_survival,kick,hit_rate,test-skill-017/0/kick/hit_rate,1.0
81,81,test-skill-017,0,kick_survival,kick,direction_success_rate,test-skill-017/0/kick/direction_success_rate,0.7
81,81,test-skill-017,0,kick_survival,kick,ball_speed_mean,test-skill-017/0/kick/ball_speed_mean,2.3601
81,81,test-skill-017,0,kick_survival,kick,ball_speed_std,test-skill-017/0/kick/ball_speed_std,0.7638
81,81,test-skill-017,0,kick_survival,kick,ball_speed_n,test-skill-017/0/kick/ball_speed_n,10
81,81,test-skill-017,0,kick_survival,kick,ball_speed_max,test-skill-017/0/kick/ball_speed_max,3.5482
81,81,test-skill-017,0,kick_survival,kick,shot_error_mean,test-skill-017/0/kick/shot_error_mean,0.9017
81,81,test-skill-017,0,kick_survival,kick,shot_error_std,test-skill-017/0/kick/shot_error_std,0.5898
81,81,test-skill-017,0,kick_survival,kick,shot_error_n,test-skill-017/0/kick/shot_error_n,10
81,81,test-skill-017,0,kick_survival,kick,success_rate_0.5,test-skill-017/0/kick/success_rate_0.5,0.1
81,81,test-skill-017,0,kick_survival,kick,success_rate_1,test-skill-017/0/kick/success_rate_1,0.7
82,82,test-skill-017,0,kick_survival,kick,fall_rate,test-skill-017/0/kick/fall_rate,0.1
82,82,test-skill-017,0,kick_survival,kick,hit_rate,test-skill-017/0/kick/hit_rate,1.0
82,82,test-skill-017,0,kick_survival,kick,direction_success_rate,test-skill-017/0/kick/direction_success_rate,0.6
82,82,test-skill-017,0,kick_survival,kick,ball_speed_mean,test-skill-017/0/kick/ball_speed_mean,2.4705
82,82,test-skill-017,0,kick_survival,kick,ball_speed_std,test-skill-017/0/kick/ball_speed_std,0.4215
82,82,test-skill-017,0,kick_survival,kick,ball_speed_n,test-skill-017/0/kick/ball_speed_n,10
82,82,test-skill-017,0,kick_survival,kick,ball_speed_max,test-skill-017/0/kick/ball_speed_max,3.0912
82,82,test-skill-017,0,kick_survival,kick,shot_error_mean,test-skill-017/0/kick/shot_error_mean,0.9705
82,82,test-skill-017,0,kick_survival,kick,shot_error_std,test-skill-017/0/kick/shot_error_std,0.6641
82,82,test-skill-017,0,kick_survival,kick,shot_error_n,test-skill-017/0/kick/shot_error_n,10
82,82,test-skill-017,0,kick_survival,kick,success_rate_0.5,test-skill-017/0/kick/success_rate_0.5,0.3
82,82,test-skill-017,0,kick_survival,kick,success_rate_1,test-skill-017/0/kick/success_rate_1,0.6
83,83,test-skill-017,0,kick_survival,kick,fall_rate,test-skill-017/0/kick/fall_rate,0.0
83,83,test-skill-017,0,kick_survival,kick,hit_rate,test-skill-017/0/kick/hit_rate,1.0
83,83,test-skill-017,0,kick_survival,kick,direction_success_rate,test-skill-017/0/kick/direction_success_rate,0.8
83,83,test-skill-017,0,kick_survival,kick,ball_speed_mean,test-skill-017/0/kick/ball_speed_mean,2.5765
83,83,test-skill-017,0,kick_survival,kick,ball_speed_std,test-skill-017/0/kick/ball_speed_std,0.515
83,83,test-skill-017,0,kick_survival,kick,ball_speed_n,test-skill-017/0/kick/ball_speed_n,10
83,83,test-skill-017,0,kick_survival,kick,ball_speed_max,test-skill-017/0/kick/ball_speed_max,3.2371
83,83,test-skill-017,0,kick_survival,kick,shot_error_mean,test-skill-017/0/kick/shot_error_mean,0.8258
83,83,test-skill-017,0,kick_survival,kick,shot_error_std,test-skill-017/0/kick/shot_error_std,0.4024
83,83,test-skill-017,0,kick_survival,kick,shot_error_n,test-skill-017/0/kick/shot_error_n,10
83,83,test-skill-017,0,kick_survival,kick,success_rate_0.5,test-skill-017/0/kick/success_rate_0.5,0.2
83,83,test-skill-017,0,kick_survival,kick,success_rate_1,test-skill-017/0/kick/success_rate_1,0.8
84,84,test-skill-017,0,kick_survival,kick,fall_rate,test-skill-017/0/kick/fall_rate,0.1
84,84,test-skill-017,0,kick_survival,kick,hit_rate,test-skill-017/0/kick/hit_rate,1.0
84,84,test-skill-017,0,kick_survival,kick,direction_success_rate,test-skill-017/0/kick/direction_success_rate,0.6
84,84,test-skill-017,0,kick_survival,kick,ball_speed_mean,test-skill-017/0/kick/ball_speed_mean,2.456
84,84,test-skill-017,0,kick_survival,kick,ball_speed_std,test-skill-017/0/kick/ball_speed_std,0.3507
84,84,test-skill-017,0,kick_survival,kick,ball_speed_n,test-skill-017/0/kick/ball_speed_n,10
84,84,test-skill-017,0,kick_survival,kick,ball_speed_max,test-skill-017/0/kick/ball_speed_max,3.237
84,84,test-skill-017,0,kick_survival,kick,shot_error_mean,test-skill-017/0/kick/shot_error_mean,1.0356
84,84,test-skill-017,0,kick_survival,kick,shot_error_std,test-skill-017/0/kick/shot_error_std,0.3491
84,84,test-skill-017,0,kick_survival,kick,shot_error_n,test-skill-017/0/kick/shot_error_n,10
84,84,test-skill-017,0,kick_survival,kick,success_rate_0.5,test-skill-017/0/kick/success_rate_0.5,0.0
84,84,test-skill-017,0,kick_survival,kick,success_rate_1,test-skill-017/0/kick/success_rate_1,0.6
85,85,test-skill-017,0,kick_survival,kick,fall_rate,test-skill-017/0/kick/fall_rate,0.0
85,85,test-skill-017,0,kick_survival,kick,hit_rate,test-skill-017/0/kick/hit_rate,1.0
85,85,test-skill-017,0,kick_survival,kick,direction_success_rate,test-skill-017/0/kick/direction_success_rate,0.9
85,85,test-skill-017,0,kick_survival,kick,ball_speed_mean,test-skill-017/0/kick/ball_speed_mean,2.4225
85,85,test-skill-017,0,kick_survival,kick,ball_speed_std,test-skill-017/0/kick/ball_speed_std,0.6268
85,85,test-skill-017,0,kick_survival,kick,ball_speed_n,test-skill-017/0/kick/ball_speed_n,10
85,85,test-skill-017,0,kick_survival,kick,ball_speed_max,test-skill-017/0/kick/ball_speed_max,3.2906
85,85,test-skill-017,0,kick_survival,kick,shot_error_mean,test-skill-017/0/kick/shot_error_mean,0.5943
85,85,test-skill-017,0,kick_survival,kick,shot_error_std,test-skill-017/0/kick/shot_error_std,0.4772
85,85,test-skill-017,0,kick_survival,kick,shot_error_n,test-skill-017/0/kick/shot_error_n,10
85,85,test-skill-017,0,kick_survival,kick,success_rate_0.5,test-skill-017/0/kick/success_rate_0.5,0.5
85,85,test-skill-017,0,kick_survival,kick,success_rate_1,test-skill-017/0/kick/success_rate_1,0.9
86,86,test-skill-017,0,kick_survival,kick,fall_rate,test-skill-017/0/kick/fall_rate,0.0
86,86,test-skill-017,0,kick_survival,kick,hit_rate,test-skill-017/0/kick/hit_rate,1.0
86,86,test-skill-017,0,kick_survival,kick,direction_success_rate,test-skill-017/0/kick/direction_success_rate,0.8
86,86,test-skill-017,0,kick_survival,kick,ball_speed_mean,test-skill-017/0/kick/ball_speed_mean,2.3117
86,86,test-skill-017,0,kick_survival,kick,ball_speed_std,test-skill-017/0/kick/ball_speed_std,0.5791
86,86,test-skill-017,0,kick_survival,kick,ball_speed_n,test-skill-017/0/kick/ball_speed_n,10
86,86,test-skill-017,0,kick_survival,kick,ball_speed_max,test-skill-017/0/kick/ball_speed_max,3.1932
86,86,test-skill-017,0,kick_survival,kick,shot_error_mean,test-skill-017/0/kick/shot_error_mean,0.7672
86,86,test-skill-017,0,kick_survival,kick,shot_error_std,test-skill-017/0/kick/shot_error_std,0.499
86,86,test-skill-017,0,kick_survival,kick,shot_error_n,test-skill-017/0/kick/shot_error_n,10
86,86,test-skill-017,0,kick_survival,kick,success_rate_0.5,test-skill-017/0/kick/success_rate_0.5,0.4
86,86,test-skill-017,0,kick_survival,kick,success_rate_1,test-skill-017/0/kick/success_rate_1,0.8
87,87,test-skill-017,0,kick_survival,kick,fall_rate,test-skill-017/0/kick/fall_rate,0.0
87,87,test-skill-017,0,kick_survival,kick,hit_rate,test-skill-017/0/kick/hit_rate,0.9
87,87,test-skill-017,0,kick_survival,kick,direction_success_rate,test-skill-017/0/kick/direction_success_rate,0.4444
87,87,test-skill-017,0,kick_survival,kick,ball_speed_mean,test-skill-017/0/kick/ball_speed_mean,2.8586
87,87,test-skill-017,0,kick_survival,kick,ball_speed_std,test-skill-017/0/kick/ball_speed_std,0.3419
87,87,test-skill-017,0,kick_survival,kick,ball_speed_n,test-skill-017/0/kick/ball_speed_n,9
87,87,test-skill-017,0,kick_survival,kick,ball_speed_max,test-skill-017/0/kick/ball_speed_max,3.2698
87,87,test-skill-017,0,kick_survival,kick,shot_error_mean,test-skill-017/0/kick/shot_error_mean,1.1669
87,87,test-skill-017,0,kick_survival,kick,shot_error_std,test-skill-017/0/kick/shot_error_std,0.8362
87,87,test-skill-017,0,kick_survival,kick,shot_error_n,test-skill-017/0/kick/shot_error_n,9
87,87,test-skill-017,0,kick_survival,kick,success_rate_0.5,test-skill-017/0/kick/success_rate_0.5,0.2
87,87,test-skill-017,0,kick_survival,kick,success_rate_1,test-skill-017/0/kick/success_rate_1,0.4
88,88,test-skill-017,0,kick_survival,kick,fall_rate,test-skill-017/0/kick/fall_rate,0.1
88,88,test-skill-017,0,kick_survival,kick,hit_rate,test-skill-017/0/kick/hit_rate,1.0
88,88,test-skill-017,0,kick_survival,kick,direction_success_rate,test-skill-017/0/kick/direction_success_rate,0.6
88,88,test-skill-017,0,kick_survival,kick,ball_speed_mean,test-skill-017/0/kick/ball_speed_mean,2.5202
88,88,test-skill-017,0,kick_survival,kick,ball_speed_std,test-skill-017/0/kick/ball_speed_std,0.6948
88,88,test-skill-017,0,kick_survival,kick,ball_speed_n,test-skill-017/0/kick/ball_speed_n,10
88,88,test-skill-017,0,kick_survival,kick,ball_speed_max,test-skill-017/0/kick/ball_speed_max,3.3768
88,88,test-skill-017,0,kick_survival,kick,shot_error_mean,test-skill-017/0/kick/shot_error_mean,0.8722
88,88,test-skill-017,0,kick_survival,kick,shot_error_std,test-skill-017/0/kick/shot_error_std,0.7248
88,88,test-skill-017,0,kick_survival,kick,shot_error_n,test-skill-017/0/kick/shot_error_n,10
88,88,test-skill-017,0,kick_survival,kick,success_rate_0.5,test-skill-017/0/kick/success_rate_0.5,0.4
88,88,test-skill-017,0,kick_survival,kick,success_rate_1,test-skill-017/0/kick/success_rate_1,0.6
89,89,test-skill-017,0,kick_survival,kick,fall_rate,test-skill-017/0/kick/fall_rate,0.0
89,89,test-skill-017,0,kick_survival,kick,hit_rate,test-skill-017/0/kick/hit_rate,1.0
89,89,test-skill-017,0,kick_survival,kick,direction_success_rate,test-skill-017/0/kick/direction_success_rate,0.4
89,89,test-skill-017,0,kick_survival,kick,ball_speed_mean,test-skill-017/0/kick/ball_speed_mean,2.511
89,89,test-skill-017,0,kick_survival,kick,ball_speed_std,test-skill-017/0/kick/ball_speed_std,0.5528
89,89,test-skill-017,0,kick_survival,kick,ball_speed_n,test-skill-017/0/kick/ball_speed_n,10
89,89,test-skill-017,0,kick_survival,kick,ball_speed_max,test-skill-017/0/kick/ball_speed_max,3.2668
89,89,test-skill-017,0,kick_survival,kick,shot_error_mean,test-skill-017/0/kick/shot_error_mean,0.8999
89,89,test-skill-017,0,kick_survival,kick,shot_error_std,test-skill-017/0/kick/shot_error_std,0.4579
89,89,test-skill-017,0,kick_survival,kick,shot_error_n,test-skill-017/0/kick/shot_error_n,10
89,89,test-skill-017,0,kick_survival,kick,success_rate_0.5,test-skill-017/0/kick/success_rate_0.5,0.3
89,89,test-skill-017,0,kick_survival,kick,success_rate_1,test-skill-017/0/kick/success_rate_1,0.4
90,90,test-skill-017,0,kick_survival,kick,fall_rate,test-skill-017/0/kick/fall_rate,0.0
90,90,test-skill-017,0,kick_survival,kick,hit_rate,test-skill-017/0/kick/hit_rate,0.9
90,90,test-skill-017,0,kick_survival,kick,direction_success_rate,test-skill-017/0/kick/direction_success_rate,0.3333
90,90,test-skill-017,0,kick_survival,kick,ball_speed_mean,test-skill-017/0/kick/ball_speed_mean,2.7819
90,90,test-skill-017,0,kick_survival,kick,ball_speed_std,test-skill-017/0/kick/ball_speed_std,0.4829
90,90,test-skill-017,0,kick_survival,kick,ball_speed_n,test-skill-017/0/kick/ball_speed_n,9
90,90,test-skill-017,0,kick_survival,kick,ball_speed_max,test-skill-017/0/kick/ball_speed_max,3.224
90,90,test-skill-017,0,kick_survival,kick,shot_error_mean,test-skill-017/0/kick/shot_error_mean,1.3208
90,90,test-skill-017,0,kick_survival,kick,shot_error_std,test-skill-017/0/kick/shot_error_std,0.8071
90,90,test-skill-017,0,kick_survival,kick,shot_error_n,test-skill-017/0/kick/shot_error_n,9
90,90,test-skill-017,0,kick_survival,kick,success_rate_0.5,test-skill-017/0/kick/success_rate_0.5,0.2
90,90,test-skill-017,0,kick_survival,kick,success_rate_1,test-skill-017/0/kick/success_rate_1,0.3
91,91,test-skill-017,0,kick_survival,kick,fall_rate,test-skill-017/0/kick/fall_rate,0.1
91,91,test-skill-017,0,kick_survival,kick,hit_rate,test-skill-017/0/kick/hit_rate,1.0
91,91,test-skill-017,0,kick_survival,kick,direction_success_rate,test-skill-017/0/kick/direction_success_rate,0.5
91,91,test-skill-017,0,kick_survival,kick,ball_speed_mean,test-skill-017/0/kick/ball_speed_mean,2.7714
91,91,test-skill-017,0,kick_survival,kick,ball_speed_std,test-skill-017/0/kick/ball_speed_std,0.4919
91,91,test-skill-017,0,kick_survival,kick,ball_speed_n,test-skill-017/0/kick/ball_speed_n,10
91,91,test-skill-017,0,kick_survival,kick,ball_speed_max,test-skill-017/0/kick/ball_speed_max,3.3363
91,91,test-skill-017,0,kick_survival,kick,shot_error_mean,test-skill-017/0/kick/shot_error_mean,0.9693
91,91,test-skill-017,0,kick_survival,kick,shot_error_std,test-skill-017/0/kick/shot_error_std,0.7252
91,91,test-skill-017,0,kick_survival,kick,shot_error_n,test-skill-017/0/kick/shot_error_n,10
91,91,test-skill-017,0,kick_survival,kick,success_rate_0.5,test-skill-017/0/kick/success_rate_0.5,0.3
91,91,test-skill-017,0,kick_survival,kick,success_rate_1,test-skill-017/0/kick/success_rate_1,0.5
92,92,test-skill-017,0,kick_survival,kick,fall_rate,test-skill-017/0/kick/fall_rate,0.1
92,92,test-skill-017,0,kick_survival,kick,hit_rate,test-skill-017/0/kick/hit_rate,1.0
92,92,test-skill-017,0,kick_survival,kick,direction_success_rate,test-skill-017/0/kick/direction_success_rate,0.7
92,92,test-skill-017,0,kick_survival,kick,ball_speed_mean,test-skill-017/0/kick/ball_speed_mean,2.1063
92,92,test-skill-017,0,kick_survival,kick,ball_speed_std,test-skill-017/0/kick/ball_speed_std,0.7782
92,92,test-skill-017,0,kick_survival,kick,ball_speed_n,test-skill-017/0/kick/ball_speed_n,10
92,92,test-skill-017,0,kick_survival,kick,ball_speed_max,test-skill-017/0/kick/ball_speed_max,3.1419
92,92,test-skill-017,0,kick_survival,kick,shot_error_mean,test-skill-017/0/kick/shot_error_mean,0.9224
92,92,test-skill-017,0,kick_survival,kick,shot_error_std,test-skill-017/0/kick/shot_error_std,0.4828
92,92,test-skill-017,0,kick_survival,kick,shot_error_n,test-skill-017/0/kick/shot_error_n,10
92,92,test-skill-017,0,kick_survival,kick,success_rate_0.5,test-skill-017/0/kick/success_rate_0.5,0.2
92,92,test-skill-017,0,kick_survival,kick,success_rate_1,test-skill-017/0/kick/success_rate_1,0.7
93,93,test-skill-017,0,kick_survival,kick,fall_rate,test-skill-017/0/kick/fall_rate,0.1
93,93,test-skill-017,0,kick_survival,kick,hit_rate,test-skill-017/0/kick/hit_rate,1.0
93,93,test-skill-017,0,kick_survival,kick,direction_success_rate,test-skill-017/0/kick/direction_success_rate,0.5
93,93,test-skill-017,0,kick_survival,kick,ball_speed_mean,test-skill-017/0/kick/ball_speed_mean,2.5666
93,93,test-skill-017,0,kick_survival,kick,ball_speed_std,test-skill-017/0/kick/ball_speed_std,0.3406
93,93,test-skill-017,0,kick_survival,kick,ball_speed_n,test-skill-017/0/kick/ball_speed_n,10
93,93,test-skill-017,0,kick_survival,kick,ball_speed_max,test-skill-017/0/kick/ball_speed_max,3.0002
93,93,test-skill-017,0,kick_survival,kick,shot_error_mean,test-skill-017/0/kick/shot_error_mean,1.2364
93,93,test-skill-017,0,kick_survival,kick,shot_error_std,test-skill-017/0/kick/shot_error_std,0.6052
93,93,test-skill-017,0,kick_survival,kick,shot_error_n,test-skill-017/0/kick/shot_error_n,10
93,93,test-skill-017,0,kick_survival,kick,success_rate_0.5,test-skill-017/0/kick/success_rate_0.5,0.1
93,93,test-skill-017,0,kick_survival,kick,success_rate_1,test-skill-017/0/kick/success_rate_1,0.5
94,94,test-skill-017,0,kick_survival,kick,fall_rate,test-skill-017/0/kick/fall_rate,0.0
94,94,test-skill-017,0,kick_survival,kick,hit_rate,test-skill-017/0/kick/hit_rate,1.0
94,94,test-skill-017,0,kick_survival,kick,direction_success_rate,test-skill-017/0/kick/direction_success_rate,0.7
94,94,test-skill-017,0,kick_survival,kick,ball_speed_mean,test-skill-017/0/kick/ball_speed_mean,2.6458
94,94,test-skill-017,0,kick_survival,kick,ball_speed_std,test-skill-017/0/kick/ball_speed_std,0.4359
94,94,test-skill-017,0,kick_survival,kick,ball_speed_n,test-skill-017/0/kick/ball_speed_n,10
94,94,test-skill-017,0,kick_survival,kick,ball_speed_max,test-skill-017/0/kick/ball_speed_max,3.2806
94,94,test-skill-017,0,kick_survival,kick,shot_error_mean,test-skill-017/0/kick/shot_error_mean,0.7266
94,94,test-skill-017,0,kick_survival,kick,shot_error_std,test-skill-017/0/kick/shot_error_std,0.4241
94,94,test-skill-017,0,kick_survival,kick,shot_error_n,test-skill-017/0/kick/shot_error_n,10
94,94,test-skill-017,0,kick_survival,kick,success_rate_0.5,test-skill-017/0/kick/success_rate_0.5,0.4
94,94,test-skill-017,0,kick_survival,kick,success_rate_1,test-skill-017/0/kick/success_rate_1,0.7
95,95,test-skill-017,0,kick_survival,kick,fall_rate,test-skill-017/0/kick/fall_rate,0.0
95,95,test-skill-017,0,kick_survival,kick,hit_rate,test-skill-017/0/kick/hit_rate,0.9
95,95,test-skill-017,0,kick_survival,kick,direction_success_rate,test-skill-017/0/kick/direction_success_rate,0.5556
95,95,test-skill-017,0,kick_survival,kick,ball_speed_mean,test-skill-017/0/kick/ball_speed_mean,2.8636
95,95,test-skill-017,0,kick_survival,kick,ball_speed_std,test-skill-017/0/kick/ball_speed_std,0.3324
95,95,test-skill-017,0,kick_survival,kick,ball_speed_n,test-skill-017/0/kick/ball_speed_n,9
95,95,test-skill-017,0,kick_survival,kick,ball_speed_max,test-skill-017/0/kick/ball_speed_max,3.2129
95,95,test-skill-017,0,kick_survival,kick,shot_error_mean,test-skill-017/0/kick/shot_error_mean,1.0089
95,95,test-skill-017,0,kick_survival,kick,shot_error_std,test-skill-017/0/kick/shot_error_std,0.5363
95,95,test-skill-017,0,kick_survival,kick,shot_error_n,test-skill-017/0/kick/shot_error_n,9
95,95,test-skill-017,0,kick_survival,kick,success_rate_0.5,test-skill-017/0/kick/success_rate_0.5,0.2
95,95,test-skill-017,0,kick_survival,kick,success_rate_1,test-skill-017/0/kick/success_rate_1,0.5
96,96,test-skill-017,0,kick_survival,kick,fall_rate,test-skill-017/0/kick/fall_rate,0.0
96,96,test-skill-017,0,kick_survival,kick,hit_rate,test-skill-017/0/kick/hit_rate,0.9
96,96,test-skill-017,0,kick_survival,kick,direction_success_rate,test-skill-017/0/kick/direction_success_rate,0.5556
96,96,test-skill-017,0,kick_survival,kick,ball_speed_mean,test-skill-017/0/kick/ball_speed_mean,2.7701
96,96,test-skill-017,0,kick_survival,kick,ball_speed_std,test-skill-017/0/kick/ball_speed_std,0.4329
96,96,test-skill-017,0,kick_survival,kick,ball_speed_n,test-skill-017/0/kick/ball_speed_n,9
96,96,test-skill-017,0,kick_survival,kick,ball_speed_max,test-skill-017/0/kick/ball_speed_max,3.2734
96,96,test-skill-017,0,kick_survival,kick,shot_error_mean,test-skill-017/0/kick/shot_error_mean,0.935
96,96,test-skill-017,0,kick_survival,kick,shot_error_std,test-skill-017/0/kick/shot_error_std,0.6078
96,96,test-skill-017,0,kick_survival,kick,shot_error_n,test-skill-017/0/kick/shot_error_n,9
96,96,test-skill-017,0,kick_survival,kick,success_rate_0.5,test-skill-017/0/kick/success_rate_0.5,0.2
96,96,test-skill-017,0,kick_survival,kick,success_rate_1,test-skill-017/0/kick/success_rate_1,0.5
97,97,test-skill-017,0,kick_survival,kick,fall_rate,test-skill-017/0/kick/fall_rate,0.0
97,97,test-skill-017,0,kick_survival,kick,hit_rate,test-skill-017/0/kick/hit_rate,1.0
97,97,test-skill-017,0,kick_survival,kick,direction_success_rate,test-skill-017/0/kick/direction_success_rate,0.4
97,97,test-skill-017,0,kick_survival,kick,ball_speed_mean,test-skill-017/0/kick/ball_speed_mean,2.4087
97,97,test-skill-017,0,kick_survival,kick,ball_speed_std,test-skill-017/0/kick/ball_speed_std,0.5452
97,97,test-skill-017,0,kick_survival,kick,ball_speed_n,test-skill-017/0/kick/ball_speed_n,10
97,97,test-skill-017,0,kick_survival,kick,ball_speed_max,test-skill-017/0/kick/ball_speed_max,3.2425
97,97,test-skill-017,0,kick_survival,kick,shot_error_mean,test-skill-017/0/kick/shot_error_mean,1.2538
97,97,test-skill-017,0,kick_survival,kick,shot_error_std,test-skill-017/0/kick/shot_error_std,0.5865
97,97,test-skill-017,0,kick_survival,kick,shot_error_n,test-skill-017/0/kick/shot_error_n,10
97,97,test-skill-017,0,kick_survival,kick,success_rate_0.5,test-skill-017/0/kick/success_rate_0.5,0.1
97,97,test-skill-017,0,kick_survival,kick,success_rate_1,test-skill-017/0/kick/success_rate_1,0.4
98,98,test-skill-017,0,kick_survival,kick,fall_rate,test-skill-017/0/kick/fall_rate,0.1
98,98,test-skill-017,0,kick_survival,kick,hit_rate,test-skill-017/0/kick/hit_rate,1.0
98,98,test-skill-017,0,kick_survival,kick,direction_success_rate,test-skill-017/0/kick/direction_success_rate,0.6
98,98,test-skill-017,0,kick_survival,kick,ball_speed_mean,test-skill-017/0/kick/ball_speed_mean,2.298
98,98,test-skill-017,0,kick_survival,kick,ball_speed_std,test-skill-017/0/kick/ball_speed_std,0.523
98,98,test-skill-017,0,kick_survival,kick,ball_speed_n,test-skill-017/0/kick/ball_speed_n,10
98,98,test-skill-017,0,kick_survival,kick,ball_speed_max,test-skill-017/0/kick/ball_speed_max,3.1921
98,98,test-skill-017,0,kick_survival,kick,shot_error_mean,test-skill-017/0/kick/shot_error_mean,0.9203
98,98,test-skill-017,0,kick_survival,kick,shot_error_std,test-skill-017/0/kick/shot_error_std,0.7511
98,98,test-skill-017,0,kick_survival,kick,shot_error_n,test-skill-017/0/kick/shot_error_n,10
98,98,test-skill-017,0,kick_survival,kick,success_rate_0.5,test-skill-017/0/kick/success_rate_0.5,0.5
98,98,test-skill-017,0,kick_survival,kick,success_rate_1,test-skill-017/0/kick/success_rate_1,0.6
99,99,test-skill-017,0,kick_survival,kick,fall_rate,test-skill-017/0/kick/fall_rate,0.1
99,99,test-skill-017,0,kick_survival,kick,hit_rate,test-skill-017/0/kick/hit_rate,1.0
99,99,test-skill-017,0,kick_survival,kick,direction_success_rate,test-skill-017/0/kick/direction_success_rate,0.7
99,99,test-skill-017,0,kick_survival,kick,ball_speed_mean,test-skill-017/0/kick/ball_speed_mean,2.7499
99,99,test-skill-017,0,kick_survival,kick,ball_speed_std,test-skill-017/0/kick/ball_speed_std,0.3883
99,99,test-skill-017,0,kick_survival,kick,ball_speed_n,test-skill-017/0/kick/ball_speed_n,10
99,99,test-skill-017,0,kick_survival,kick,ball_speed_max,test-skill-017/0/kick/ball_speed_max,3.1969
99,99,test-skill-017,0,kick_survival,kick,shot_error_mean,test-skill-017/0/kick/shot_error_mean,0.7836
99,99,test-skill-017,0,kick_survival,kick,shot_error_std,test-skill-017/0/kick/shot_error_std,0.476
99,99,test-skill-017,0,kick_survival,kick,shot_error_n,test-skill-017/0/kick/shot_error_n,10
99,99,test-skill-017,0,kick_survival,kick,success_rate_0.5,test-skill-017/0/kick/success_rate_0.5,0.3
99,99,test-skill-017,0,kick_survival,kick,success_rate_1,test-skill-017/0/kick/success_rate_1,0.7
